0 152 0.1514788
8 151 0.2032968
16 152 0.1514788
24 153 0.0478428
32 153 0.0478428
41 152 0.0737518
50 153 0.0996608
58 152 -0.0039752
66 152 0.0737518
74 151 0.1773878
83 149 0.3069328
91 150 0.0996608
99 150 0.0996608
108 150 0.0996608
116 149 0.0478428
124 149 0.0219338
133 149 0.1255698
141 148 0.0478428
149 147 0.0219338
158 146 0.7214768
166 145 0.8769308
175 144 0.2032968
183 145 0.0478428
191 145 0.0737518
199 145 0.0996608
207 144 0.0737518
217 144 0.0737518
225 143 0.0737518
233 143 0.1255698
241 142 0.1514788
249 142 0.0478428
258 141 0.0996608
266 141 0.1255698
275 140 0.3587508
283 140 0.7473858
291 140 0.0219338
300 139 0.0737518
308 138 0.1255698
316 138 0.2551148
325 138 0.2292058
333 138 0.1514788
342 137 0.0996608
350 137 0.0737518
358 137 0.0478428
366 137 0.0737518
374 136 0.0737518
384 134 0.0996608
392 135 0.0996608
400 134 0.2551148
408 134 0.0737518
416 134 0.0737518
425 133 0.1514788
433 133 0.0996608
442 132 0.4105688
450 132 0.0478428
458 131 0.2292058
467 131 0.0996608
475 131 0.0478428
483 130 0.0996608
492 130 0.0737518
500 130 0.0478428
508 129 0.1255698
517 129 0.1514788
525 128 0.0478428
533 128 0.1255698
541 127 0.2032968
550 127 0.0737518
559 127 0.0737518
567 126 0.0996608
575 125 0.5660228
583 125 0.1255698
591 125 0.0478428
600 123 0.0996608
609 123 0.0737518
617 122 0.4105688
625 122 -0.5221552
633 122 0.2292058
642 121 0.0996608
650 121 0.0219338
659 121 0.0219338
667 121 0.0737518
675 121 0.0219338
684 121 0.0478428
692 121 0.0219338
700 120 0.0737518
708 119 0.2551148
717 119 0.1255698
726 118 0.0996608
734 117 0.0996608
742 117 0.2032968
750 116 0.3328418
758 115 1.0064758
767 115 0.0478428
776 115 0.0996608
784 114 0.0996608
792 115 0.1514788
800 114 0.1255698
809 114 0.0219338
817 114 0.0737518
826 113 0.1514788
834 113 0.0478428
842 111 0.5401138
851 111 0.8510218
859 110 0.4882958
867 110 0.0478428
875 109 0.0478428
884 110 -0.0039752
892 110 0.0478428
901 109 0.0478428
909 109 0.0996608
917 109 0.1514788
925 108 0.2032968
933 108 0.0996608
943 107 0.1255698
951 106 0.0737518
959 106 0.0478428
967 106 0.0996608
975 104 0.7992038
984 104 0.7732948
993 104 0.0737518
1001 104 0.0737518
1009 104 0.0737518
1017 104 0.0478428
1026 104 0.0737518
1034 104 0.0737518
1042 103 0.0996608
1051 102 0.1773878
1059 100 0.6178408
1068 100 1.3173838
1076 100 0.1255698
1084 100 0.0478428
1092 100 0.0996608
1100 99 0.0737518
1110 99 0.0478428
1118 98 0.5660228
1126 98 0.2292058
1134 98 0.0478428
1142 98 0.0478428
1151 96 0.0737518
1159 95 0.7214768
1168 96 0.0219338
1176 95 0.0737518
1184 95 0.0219338
1193 94 0.0219338
1201 94 0.2551148
1209 93 0.0478428
1218 93 0.0737518
1226 93 0.0996608
1235 93 0.0737518
1243 92 0.1514788
1251 91 0.0478428
1259 90 0.8251128
1267 90 0.0219338
1276 90 0.0737518
1285 90 0.1255698
1293 90 0.0737518
1301 90 0.0219338
1309 89 0.0219338
1317 89 0.0996608
1326 89 0.0737518
1335 89 0.0996608
1343 88 0.0478428
1351 87 0.0737518
1359 86 0.6696588
1368 85 0.0737518
1376 83 0.5660228
1385 83 0.2551148
1393 84 0.0996608
1401 84 0.0737518
1410 84 0.0996608
1418 84 0.0737518
1426 84 0.1255698
1434 84 0.0478428
1443 83 0.0996608
1452 83 0.3069328
1460 83 0.0478428
1468 82 0.3069328
1476 80 0.1773878
1484 79 1.1619298
1493 79 0.3069328
1502 78 0.3069328
1510 78 0.0219338
1518 77 0.2551148
1526 77 0.0478428
1535 76 0.2292058
1543 76 0.7214768
1552 76 0.0219338
1560 76 0.0737518
1568 75 0.0996608
1577 75 0.0737518
1585 75 0.0737518
1593 75 0.0996608
1601 74 0.0996608
1610 74 0.1255698
1619 74 0.0219338
1627 74 0.1255698
1635 73 0.0737518
1643 70 0.4105688
1651 71 0.4364778
1659 71 0.3587508
1669 70 0.0478428
1677 70 0.2032968
1685 70 0.0478428
1693 69 0.1255698
1701 69 0.2292058
1710 68 0.0737518
1719 68 0.2551148
1727 68 0.0737518
1735 67 0.0478428
1743 67 0.2551148
1752 66 0.3846598
1760 66 0.3069328
1768 66 0.1255698
1777 65 0.0737518
1785 65 0.0478428
1794 65 0.0996608
1802 65 0.0996608
1810 64 0.0478428
1818 64 0.0737518
1826 63 0.1255698
1836 62 0.2032968
1844 61 1.1360208
1852 60 1.0582938
1860 60 0.5919318
1868 60 0.0478428
1877 60 0.0737518
1885 59 0.2551148
1894 59 0.0219338
1902 59 0.1255698
1910 59 0.0996608
1919 59 0.0219338
1927 59 0.0219338
1935 59 0.0478428
1944 57 0.0737518
1952 56 0.1514788
1961 56 0.4105688
1969 55 0.0478428
1977 55 0.2292058
1985 55 0.2032968
1993 54 0.1514788
2003 53 0.1255698
2011 53 0.0737518
2019 53 0.0737518
2027 53 0.0996608
2035 53 0.0478428
2043 52 0.0996608
2052 52 0.1773878
2061 51 0.1773878
2069 51 0.0737518
2077 51 0.1255698
2085 50 0.0737518
2094 50 0.0737518
2102 49 0.0478428
2111 49 0.0737518
2119 47 1.1101118
2127 47 0.5401138
2136 47 0.0996608
2144 46 0.0478428
2152 46 0.0996608
2160 46 0.0219338
2169 46 0.0737518
2178 45 0.1255698
2186 44 0.1514788
2194 44 0.0996608
2202 44 0.3328418
2210 43 0.0478428
2219 43 0.2292058
2228 42 0.0737518
2236 42 0.0996608
2244 42 0.0737518
2252 42 0.0737518
2261 42 0.0996608
2269 42 0.0996608
2278 41 0.1773878
2286 40 0.0737518
2294 40 0.0478428
2303 39 0.1773878
2311 38 0.0219338
2319 37 0.2810238
2327 37 0.0737518
2336 36 0.1773878
2345 36 0.7992038
2353 36 0.1514788
2361 36 0.0737518
2369 35 0.0478428
2377 35 0.0737518
2385 35 0.2551148
2395 34 0.0737518
2403 34 0.0737518
2411 34 0.0737518
2419 34 0.0478428
2427 33 0.1255698
2436 32 0.2551148
2445 32 0.5142048
2453 31 0.1255698
2461 31 0.0219338
2469 30 0.0478428
2478 29 0.6178408
2486 29 0.0219338
2494 29 0.1514788
2503 29 0.0219338
2511 29 0.0478428
2520 28 0.1255698
2528 28 0.0737518
2536 28 0.0478428
2544 27 0.0737518
2552 27 0.0478428
2562 25 0.1773878
2570 25 0.0478428
2578 25 0.2810238
2586 25 0.0737518
2594 24 0.0478428
2603 24 0.0737518
2612 24 0.0996608
2620 23 0.1255698
2628 23 0.1514788
2636 23 0.0737518
2645 23 0.0478428
2653 21 0.0996608
2661 20 0.1514788
2670 20 0.0737518
2678 20 0.1255698
2687 19 0.0737518
2695 19 0.0737518
2703 17 0.3587508
2711 18 0.3846598
2719 17 0.2810238
2729 17 0.0219338
2737 17 0.0737518
2745 17 0.0478428
2753 16 0.0478428
2761 16 0.0478428
2769 16 0.0737518
2778 15 0.0478428
2787 15 0.0478428
2795 14 0.0478428
2803 13 0.3069328
2811 13 0.0478428
2820 13 0.2292058
2828 13 0.0737518
2837 12 0.0996608
2845 12 0.1255698
2853 12 0.0737518
2862 12 0.0478428
2870 12 0.0737518
2878 11 0.0478428
2886 9 0.0737518
2895 10 0.1255698
2904 9 0.2810238
2912 8 0.0478428
2920 8 0.1255698
2928 8 0.0478428
2936 7 0.0996608
2945 7 0.2810238
2954 7 0.0478428
2962 6 0.1255698
2970 6 0.0996608
2978 5 0.0478428
2987 5 0.0737518
2995 5 0.0737518
3004 4 0.0478428
3012 3 0.1255698
3020 2 0.1514788
3029 2 0.0478428
3037 2 0.3328418
3045 1 0.2810238
3053 1 0.0737518
3062 1 0.0996608
3071 1 0.0737518
3079 0 0.0737518
3087 0 0.0996608
3095 0 0.0219338
