0 -1 0.8510218
2 -2 0.3846598
5 -1 0.6178408
7 -1 0.5401138
9 -2 0.4105688
12 -1 0.6437498
14 -2 0.1773878
16 -1 0.8251128
19 -2 0.3069328
21 -4 2.5351068
24 -4 2.5351068
27 -4 2.5610158
29 -3 2.2241988
31 -3 2.4832888
34 -3 2.5091978
36 -3 2.3019258
38 -3 2.5091978
41 -3 2.3537438
43 -2 1.8614728
45 -3 2.4055618
48 -2 2.3019258
50 -2 1.9132908
52 -2 2.2760168
55 -2 2.3278348
57 -2 2.2241988
60 -2 1.8355638
62 -2 1.3432928
64 -2 2.3537438
68 -1 2.2760168
70 -1 1.9651088
72 0 1.4987468
75 -1 2.3796528
77 -1 2.3278348
79 0 2.0946538
82 0 1.8096548
84 0 2.3796528
86 0 2.3796528
89 0 2.1982898
91 0 2.1723808
93 0 2.1205628
96 0 1.9651088
98 0 2.0169268
100 0 2.0428358
103 1 2.0687448
105 1 2.1982898
108 2 1.2914748
111 2 1.7060188
113 3 1.8873818
115 3 2.0946538
118 3 1.6542008
120 4 1.9132908
122 4 1.5505648
125 4 1.9910178
127 4 1.6282918
129 5 1.2655658
132 5 1.8355638
134 5 1.5764738
136 6 1.2396568
139 6 1.8873818
141 6 1.6023828
143 7 1.4469288
146 7 1.0842028
148 7 1.7319278
151 8 1.4987468
154 8 2.0946538
156 8 1.7319278
158 9 1.2137478
161 8 1.7578368
163 10 1.2914748
165 10 1.7837458
168 11 1.1619298
170 10 1.7578368
172 10 2.1723808
175 11 1.7060188
177 11 1.4210198
179 12 1.7319278
182 12 1.2396568
184 12 1.8096548
186 13 1.5505648
189 14 1.3692018
191 14 1.1101118
194 14 1.8614728
197 14 1.6542008
199 15 1.5246558
201 15 1.4987468
204 15 1.4728378
206 16 1.4469288
208 17 1.5246558
211 17 1.4728378
213 17 1.4469288
216 18 1.5764738
218 19 1.4728378
220 19 1.5505648
223 19 1.5246558
225 20 1.5246558
227 20 1.4469288
230 21 1.3951108
232 21 1.2914748
234 22 1.1878388
238 21 1.1101118
240 22 1.7319278
242 22 1.6282918
245 23 1.4987468
247 23 1.3951108
249 23 1.4210198
252 24 1.3173838
254 24 1.1619298
256 25 1.1101118
259 25 1.0064758
261 25 1.8355638
263 26 1.6542008
266 27 1.6023828
268 27 1.5764738
270 27 1.5505648
273 28 1.4728378
275 28 1.4987468
277 29 1.4728378
281 30 1.4987468
283 30 1.5246558
285 30 1.4987468
288 31 1.1619298
290 31 0.9287488
292 32 1.0582938
295 33 1.2137478
297 33 1.2914748
299 33 1.3951108
302 34 1.4469288
304 34 0.9546578
306 35 1.0842028
309 35 1.2137478
311 36 1.2655658
313 36 1.3432928
316 37 1.3951108
318 38 1.4210198
320 38 1.4728378
324 38 1.5505648
326 39 1.5246558
328 39 1.5764738
331 40 1.2396568
333 40 0.9805668
335 41 1.0582938
338 41 1.1619298
340 41 1.1878388
342 41 1.2914748
345 42 1.3173838
347 42 1.4210198
349 42 1.4987468
352 43 0.9546578
354 44 1.0323848
356 44 1.1878388
359 45 1.2914748
361 46 1.2914748
364 46 1.3951108
367 46 1.4469288
369 46 1.4469288
371 47 1.6282918
374 49 0.9287488
376 49 1.0842028
379 49 1.1878388
381 50 1.2914748
383 50 1.3432928
386 50 1.4210198
388 51 1.4987468
390 51 1.0582938
393 52 1.1619298
395 52 1.2655658
397 53 1.4210198
400 53 1.4210198
402 54 1.5246558
404 55 1.6801098
408 55 1.1619298
410 55 1.0323848
412 56 0.9805668
415 57 0.9805668
417 58 1.0582938
419 58 1.0842028
422 58 1.1878388
424 59 1.2655658
426 59 1.2914748
429 59 1.3432928
431 59 1.3951108
433 60 1.4987468
436 61 1.6023828
438 61 0.9805668
440 63 1.0842028
443 63 1.1360208
445 63 1.2396568
447 63 1.3432928
451 63 1.3692018
453 64 1.4210198
455 64 1.3951108
458 64 1.4469288
460 65 1.5764738
462 66 0.8510218
465 67 1.0582938
467 67 1.1878388
469 68 1.2655658
472 68 1.3173838
474 69 1.4728378
476 70 1.0064758
479 70 1.1878388
481 70 1.2914748
483 70 1.3692018
486 71 1.5764738
488 72 0.9546578
490 72 1.0842028
494 73 1.1619298
496 73 1.2914748
498 73 1.2914748
501 73 1.3692018
503 74 1.4469288
505 74 1.4469288
508 74 1.6023828
510 75 1.0064758
512 77 1.0842028
515 77 1.1360208
517 78 1.2396568
519 78 1.3432928
522 78 1.3692018
524 79 1.4469288
526 79 1.6023828
529 80 0.9805668
531 81 1.0842028
533 81 1.1360208
537 82 1.2396568
539 82 1.2914748
542 83 1.2914748
544 83 1.3692018
546 83 1.3432928
549 83 1.3951108
551 84 1.5246558
553 85 1.2137478
556 86 1.0064758
558 86 1.1360208
560 87 1.2914748
563 87 1.3173838
565 87 1.4210198
567 87 1.0842028
570 89 1.0323848
572 89 1.2137478
574 89 1.2655658
578 89 1.3432928
580 90 1.3951108
582 91 1.4728378
585 91 1.5764738
587 92 1.5246558
589 92 1.5505648
592 92 1.6542008
594 93 1.6282918
596 93 1.0323848
599 94 0.9546578
601 95 1.0842028
603 95 1.1360208
606 96 1.2396568
608 97 1.2914748
610 97 1.3173838
613 98 1.3432928
615 98 1.4210198
617 99 1.4210198
621 99 1.4469288
623 99 1.5246558
625 100 1.4987468
628 100 1.4987468
630 101 1.5505648
632 101 1.4987468
635 102 1.4210198
637 102 1.5764738
639 103 1.5246558
642 103 1.4210198
644 103 1.0064758
646 104 1.0323848
649 104 1.1360208
651 105 1.2396568
653 106 1.2914748
656 106 1.4210198
658 106 1.4987468
660 107 1.0582938
664 108 1.0582938
666 108 1.1878388
668 109 1.2137478
671 109 1.2655658
673 109 1.3432928
675 110 1.3432928
678 110 1.3692018
680 111 1.3951108
682 112 1.3692018
685 112 1.4469288
687 112 1.4210198
689 113 1.5246558
692 113 1.6542008
694 113 0.9805668
696 115 1.0323848
699 115 1.0582938
701 115 1.2396568
703 116 1.2914748
707 116 1.2914748
709 117 1.3692018
712 117 1.4210198
714 117 1.5246558
716 117 1.7060188
719 118 1.0064758
721 119 1.0323848
723 119 1.0064758
726 119 1.1619298
728 120 1.1878388
730 120 1.2396568
733 121 1.2914748
735 120 1.3432928
737 121 1.3173838
740 121 1.4469288
742 122 1.4469288
744 122 1.5505648
748 123 1.0842028
750 124 0.9805668
752 125 1.0582938
755 124 1.0064758
757 125 1.7578368
759 125 1.6282918
762 126 1.5505648
764 126 1.4210198
766 126 1.2914748
769 127 1.1360208
771 127 1.1101118
773 127 1.7578368
776 127 1.5764738
778 127 1.5246558
780 128 1.5246558
783 129 1.5246558
785 129 1.4987468
787 129 1.5505648
791 130 1.5764738
793 130 1.0323848
795 130 1.1360208
798 131 1.2137478
800 132 1.7319278
802 132 1.6801098
805 132 1.5505648
807 133 1.4728378
809 134 1.2655658
812 134 1.0842028
814 133 1.7837458
816 134 1.5505648
819 134 1.4728378
821 135 1.3951108
823 136 1.2914748
826 136 1.1101118
828 136 1.0842028
830 137 1.0064758
834 137 1.1878388
836 137 1.2137478
838 138 1.0064758
841 139 1.0323848
843 139 1.0582938
845 140 1.0582938
848 140 1.0064758
850 140 1.0842028
853 140 1.0323848
855 140 1.2137478
857 141 1.6801098
860 141 1.6023828
862 142 1.3432928
864 142 1.0064758
867 143 0.9805668
869 144 0.6955678
871 145 0.4105688
874 145 0.0996608
877 145 0.2551148
879 145 0.2810238
882 145 0.3328418
884 145 0.9546578
886 145 0.8510218
889 146 0.1514788
891 147 0.3328418
893 147 0.0737518
896 148 0.1514788
898 148 0.0737518
900 149 0.1255698
903 149 0.0737518
905 149 0.1255698
907 149 0.0737518
910 149 0.1255698
912 150 0.0996608
914 150 0.0737518
917 150 0.0219338
920 150 0.0478428
922 150 0.0737518
925 150 0.0737518
