0 -2 0.2292058
2 -2 0.1514788
4 -1 0.3328418
7 -2 0.1255698
9 -4 2.3796528
11 -4 2.7941968
14 -4 2.7941968
16 -4 2.5869248
18 -4 2.7164698
21 -4 2.5091978
23 -3 1.8614728
25 -4 1.4469288
29 -3 2.6387428
31 -3 2.6128338
33 -2 2.5610158
36 -2 1.4469288
38 -1 1.5505648
40 -2 1.8614728
43 -2 2.0428358
45 -2 2.1723808
47 -2 2.4573798
50 0 1.4469288
52 0 1.9132908
54 -1 2.1464718
57 -1 2.3796528
59 0 1.5246558
61 0 1.9132908
64 0 2.2241988
66 0 1.3173838
68 1 1.9132908
72 1 2.3796528
74 2 1.7060188
76 2 2.3278348
79 3 1.7319278
81 4 1.3692018
83 4 1.4469288
86 4 1.8614728
88 4 1.6542008
91 5 1.5764738
93 5 1.6282918
95 5 1.0842028
98 6 1.1360208
100 7 1.2914748
102 7 1.4210198
105 8 1.0842028
107 8 1.2914748
109 9 0.9287488
112 9 1.2396568
115 9 0.9287488
117 11 1.1619298
120 11 1.3951108
122 11 1.0323848
124 12 1.2914748
127 12 1.4728378
129 13 1.0582938
131 13 1.2655658
134 14 1.2655658
136 14 1.1360208
138 14 1.3173838
141 14 0.9546578
143 15 1.1878388
145 16 1.3692018
148 17 1.0323848
150 17 1.2396568
152 19 0.9287488
155 19 1.2396568
158 20 0.9028398
160 20 1.1878388
163 21 0.9028398
165 21 1.1619298
167 22 0.9028398
170 22 1.2137478
172 23 1.0323848
174 24 0.8510218
177 23 1.1101118
179 24 1.0064758
181 24 0.9028398
184 25 0.7992038
186 26 1.1360208
188 27 0.9805668
191 28 0.9287488
193 28 0.7732948
195 29 1.1878388
199 30 1.0582938
201 30 0.9546578
203 31 0.8769308
206 31 0.9287488
208 31 1.0842028
210 33 1.0064758
213 33 0.8510218
215 34 0.6696588
217 34 1.0582938
220 35 1.0064758
222 36 0.9287488
224 37 0.7732948
227 37 1.0842028
229 38 1.0323848
231 39 0.9805668
234 40 0.8769308
236 40 0.8251128
239 40 1.0323848
242 41 1.0064758
244 41 0.9028398
247 42 0.8251128
249 42 0.7214768
251 42 0.7214768
254 43 0.9028398
256 44 1.0323848
258 44 0.9805668
261 46 1.0064758
263 46 0.9028398
265 47 0.8510218
268 48 0.7732948
270 49 0.6696588
272 49 0.9546578
275 50 1.0064758
277 50 1.0064758
279 51 0.9546578
282 51 0.9287488
285 52 0.8510218
287 53 0.7473858
290 53 0.7214768
292 55 1.0842028
294 55 1.0064758
297 56 0.9546578
299 57 0.8510218
301 57 0.7473858
304 58 1.0842028
306 58 1.0323848
308 59 0.9287488
311 59 0.7992038
313 60 0.7732948
315 61 1.0842028
318 61 1.0064758
320 63 0.9287488
322 63 0.9028398
325 64 0.7992038
328 64 0.7473858
330 64 0.9028398
333 65 1.0323848
335 66 0.9546578
337 67 0.9546578
340 67 0.9028398
342 68 0.8510218
344 69 0.7732948
347 70 0.7992038
349 71 0.7473858
351 71 0.6955678
354 71 0.6696588
356 72 0.7473858
358 73 1.0582938
361 73 1.0064758
363 74 0.9546578
365 74 0.9287488
368 75 0.8510218
371 75 0.7732948
373 76 0.7214768
376 78 1.0842028
378 78 1.0323848
381 78 0.9546578
383 79 0.9546578
385 80 0.7992038
388 81 0.7732948
390 82 1.0582938
392 82 1.0323848
395 83 0.9805668
397 83 0.8510218
399 83 0.6955678
402 85 1.0582938
404 86 1.0323848
406 86 0.9287488
409 88 0.9028398
411 88 0.8510218
414 88 0.8251128
417 89 0.7214768
419 89 0.6955678
421 90 0.8251128
424 91 1.0323848
426 91 1.0323848
428 93 1.0064758
431 93 0.9287488
433 93 0.8769308
435 94 0.7992038
438 95 0.7473858
440 95 1.0323848
442 96 0.9805668
445 97 1.0064758
447 98 0.9287488
449 99 0.7992038
452 99 0.7992038
455 100 1.1101118
457 100 1.0064758
460 101 0.8769308
462 102 0.8769308
464 102 1.0842028
467 104 1.0323848
469 104 0.8251128
471 103 0.7473858
474 104 1.1101118
476 106 1.0582938
478 106 0.9546578
481 107 0.8769308
483 108 0.8251128
485 108 0.6696588
488 109 0.7473858
490 109 1.0323848
492 110 0.9805668
495 111 0.9287488
498 112 0.8769308
500 113 0.8510218
503 113 0.7732948
505 114 0.7473858
507 114 0.6955678
510 115 0.7732948
512 115 1.0323848
514 116 1.0064758
517 117 0.9546578
519 117 0.9287488
522 118 0.9287488
524 119 0.8769308
526 119 0.8251128
529 119 0.7992038
531 120 1.0064758
533 120 1.0064758
536 121 0.9287488
538 121 0.8251128
541 122 0.7473858
544 123 1.1101118
546 123 1.0582938
548 124 0.9805668
551 125 0.8510218
553 126 0.7473858
555 126 1.1101118
558 126 1.0582938
560 127 0.9546578
562 127 0.7732948
565 128 1.1360208
567 128 1.0582938
569 129 0.9546578
572 130 0.8251128
574 130 0.7214768
576 130 1.0582938
579 131 1.0064758
581 132 1.0064758
584 133 0.8510218
587 133 0.7473858
589 134 0.9805668
591 134 1.0582938
594 134 0.9546578
596 135 0.9028398
598 136 0.7732948
601 136 0.6955678
603 137 1.0064758
605 138 1.0582938
608 139 0.8769308
610 139 0.8510218
612 140 0.2032968
615 141 0.1514788
617 141 0.5142048
619 142 0.3328418
622 142 0.4882958
624 142 0.4105688
627 143 0.3846598
630 144 0.3328418
632 145 0.1255698
634 145 0.0737518
637 145 0.0996608
639 146 0.0478428
641 146 0.1255698
644 147 0.1773878
646 147 0.0478428
648 148 0.0219338
651 148 0.1514788
653 149 0.1514788
655 149 0.1514788
658 149 0.1514788
660 149 0.2810238
662 149 0.0737518
665 150 0.3069328
667 150 0.0737518
670 151 0.3846598
673 151 0.1514788
675 151 0.0737518
677 151 0.0478428
680 151 0.0478428
682 151 0.3587508
685 152 0.2032968
687 152 0.6178408
689 152 0.2032968
692 152 0.3069328
694 152 0.1255698
696 152 0.1514788
699 152 0.0996608
701 153 0.0996608
703 153 0.1514788
706 153 0.0478428
708 153 0.0478428
711 153 0.0478428
714 153 0.0219338
716 153 0.0996608
