0 -2 0.0478428
3 -2 0.0478428
6 -2 0.0478428
8 -2 0.0478428
11 -4 2.5351068
13 -5 3.0014688
15 -4 2.9755598
18 -4 2.7682878
20 -4 2.2501078
22 -3 1.8614728
25 -3 1.8873818
27 -3 2.0946538
29 -4 2.4314708
32 -3 1.6023828
34 -3 2.1464718
36 -2 1.6282918
39 -2 2.0687448
41 -2 1.9132908
43 -1 1.6801098
46 -1 1.5505648
49 0 1.4987468
51 0 1.4728378
54 0 1.5246558
56 0 1.5246558
58 1 1.0842028
61 2 1.2914748
63 2 0.9805668
65 4 1.1619298
68 4 0.9028398
70 4 1.2396568
72 5 1.0842028
75 6 0.9546578
77 6 0.8769308
79 7 0.8769308
82 8 0.8769308
84 8 0.8251128
86 9 0.9028398
89 9 0.8510218
92 10 0.6437498
94 11 0.6696588
97 11 0.7732948
99 12 0.8251128
101 13 0.6178408
104 13 0.6696588
106 14 0.7473858
108 15 0.6696588
111 15 0.6437498
113 16 0.7214768
115 17 0.8251128
118 18 0.5919318
120 19 0.6696588
122 20 0.4364778
125 21 0.6437498
127 21 0.7473858
129 23 0.5660228
132 23 0.6696588
135 24 0.5401138
138 24 0.5142048
140 25 0.4882958
142 25 0.3587508
145 26 0.5660228
147 28 0.3328418
149 28 0.4882958
152 29 0.4364778
154 30 0.3587508
156 31 0.5401138
159 32 0.3846598
161 32 0.4105688
163 34 0.4882958
166 34 0.3587508
168 35 0.3846598
170 36 0.4364778
173 37 0.4105688
175 38 0.5142048
178 39 0.4623868
181 40 0.3069328
183 41 0.5142048
185 41 0.4623868
188 42 0.4364778
190 42 0.5142048
192 42 0.3587508
195 43 0.1255698
197 44 0.5401138
199 45 0.4623868
202 46 0.2292058
204 47 0.4623868
206 48 0.3846598
209 50 0.3587508
211 50 0.4882958
213 51 0.4105688
216 51 0.3846598
218 52 0.4105688
221 53 0.4882958
224 54 0.2810238
226 55 0.2551148
228 56 0.5142048
231 57 0.4105688
233 58 0.2032968
235 59 0.4364778
238 60 0.3069328
240 60 0.2810238
242 61 0.4882958
245 62 0.3846598
247 63 0.3328418
249 64 0.4623868
252 64 0.4623868
254 65 0.2032968
256 66 0.4882958
259 67 0.4623868
262 68 0.3846598
264 69 0.4882958
267 70 0.3846598
269 71 0.2292058
271 71 0.4882958
274 72 0.4623868
276 73 0.3328418
278 74 0.3328418
281 74 0.4623868
283 75 0.4105688
286 76 0.2810238
288 77 0.4364778
290 78 0.4882958
293 78 0.4364778
295 80 0.4882958
297 81 0.4364778
300 82 0.3069328
302 82 0.4623868
305 83 0.4882958
308 84 0.3328418
310 84 0.4882958
312 86 0.4364778
315 87 0.3587508
317 88 0.1773878
319 88 0.4364778
322 89 0.4105688
324 90 0.3069328
326 90 0.4882958
329 92 0.3328418
331 93 0.2292058
333 93 0.5142048
336 95 0.4623868
338 95 0.3069328
340 96 0.4623868
343 98 0.4623868
345 98 0.3587508
348 100 0.5401138
351 100 0.4364778
353 100 0.4364778
355 101 0.5142048
358 103 0.4882958
360 104 0.2551148
362 104 0.5142048
365 104 0.4623868
367 106 0.3846598
369 106 0.5401138
372 107 0.3328418
374 109 0.2551148
376 109 0.5142048
379 110 0.4623868
381 111 0.2551148
383 112 0.4623868
386 113 0.4105688
388 114 0.3846598
391 115 0.1514788
394 115 0.4623868
396 116 0.4623868
398 117 0.3587508
401 118 0.4882958
403 118 0.4364778
405 119 0.2292058
408 119 0.2551148
410 120 0.5401138
412 121 0.3587508
415 121 0.3328418
417 122 0.4105688
419 123 0.4364778
422 125 0.2032968
424 125 0.4623868
427 126 0.4882958
429 127 0.3328418
431 127 0.5401138
435 128 0.3328418
437 128 0.2551148
439 129 0.5660228
442 130 0.4105688
444 130 0.3328418
446 132 0.4364778
449 133 0.2551148
451 133 0.3069328
453 134 0.4882958
456 135 0.2810238
458 135 0.3587508
460 136 0.3846598
463 137 0.4105688
465 138 0.2032968
467 139 0.4623868
470 140 0.4623868
472 140 0.0478428
474 141 0.0478428
478 142 0.0737518
480 142 0.0478428
482 143 0.0478428
485 144 0.1255698
487 145 0.0737518
489 145 0.0737518
492 146 0.0737518
494 146 0.0478428
496 147 0.0478428
499 148 0.0737518
501 149 0.0996608
503 148 1.6542008
506 148 0.9546578
508 150 1.6023828
510 149 0.6178408
513 151 1.9391998
515 150 0.6696588
518 151 2.0687448
521 151 2.0428358
523 151 3.3901038
525 151 3.3123768
528 154 2.6646518
530 152 1.9910178
532 154 1.4987468
535 153 0.4882958
537 154 0.9805668
539 154 0.6178408
542 154 0.2810238
544 154 0.4882958
546 154 0.0737518
549 154 0.0996608
551 153 0.0478428
553 154 0.0737518
556 153 0.0996608
558 153 0.1514788
561 153 0.2032968
564 152 0.5142048
566 152 0.1773878
568 152 0.8510218
571 151 0.4623868
573 152 0.1773878
576 152 0.4105688
578 152 0.0478428
580 153 0.0996608
583 153 0.0219338
585 153 0.0737518
587 153 0.0996608
590 153 0.0478428
592 153 0.3587508
594 153 0.1255698
597 153 0.5660228
599 153 0.1773878
601 153 0.3587508
605 153 0.1255698
607 154 0.1514788
609 154 0.1773878
612 154 0.0737518
614 154 0.0996608
616 154 0.0737518
