0 153 0.1255698
13 153 0.2810238
27 153 0.1255698
40 153 0.0478428
53 152 0.0219338
67 152 0.0737518
81 152 0.0478428
94 151 0.0737518
107 151 0.4882958
121 150 0.0996608
134 150 0.0737518
147 150 0.0996608
161 149 0.0996608
174 148 0.0737518
187 148 0.0996608
201 147 0.0737518
214 146 0.2551148
227 146 0.3069328
241 146 0.0737518
254 146 0.0478428
267 146 0.0737518
280 145 0.1514788
294 145 0.0478428
307 145 0.0737518
320 144 0.0996608
334 144 0.0996608
347 143 0.4882958
360 142 0.0737518
374 142 0.0737518
387 142 0.1773878
400 141 0.0737518
414 141 0.1255698
427 141 0.0219338
440 140 0.0996608
454 139 0.2292058
467 139 0.1255698
481 138 0.0737518
494 138 0.1255698
508 138 0.0737518
521 138 0.0996608
534 137 0.0737518
548 137 0.0996608
561 136 0.0996608
574 135 0.1773878
588 135 0.1514788
601 135 0.0478428
614 135 0.1255698
628 135 0.0996608
641 135 0.0737518
654 134 0.0996608
668 133 0.6178408
681 132 0.0478428
694 132 0.0737518
707 132 0.2810238
721 131 0.0996608
734 131 0.0478428
747 131 0.1514788
761 130 0.0737518
774 130 0.1255698
787 129 0.2032968
801 129 0.0737518
814 128 0.0478428
827 128 0.1514788
841 128 0.0478428
854 127 0.0478428
867 127 0.0737518
882 126 0.0996608
895 125 0.2810238
908 125 0.1255698
921 125 0.1255698
935 124 0.0737518
948 124 0.1514788
961 123 0.0478428
975 123 0.0996608
988 122 0.1255698
1001 122 0.0478428
1015 121 0.0737518
1028 122 0.0478428
1041 121 0.0737518
1055 121 0.0996608
1068 121 0.0478428
1081 121 0.1255698
1095 120 0.0478428
1108 119 0.3846598
1121 119 0.0478428
1134 118 0.1255698
1148 118 0.0737518
1161 118 0.0219338
1174 117 0.0737518
1188 117 0.3587508
1201 115 0.0996608
1214 116 0.0737518
1228 115 0.0478428
1241 115 0.0737518
1254 115 0.0737518
1268 114 0.2032968
1281 113 0.0996608
1295 113 0.0996608
1309 113 0.0996608
1322 112 0.0996608
1335 112 0.0219338
1348 111 0.1773878
1362 111 0.0737518
1375 110 0.1255698
1388 110 0.1255698
1402 110 0.0996608
1415 110 0.0478428
1428 110 0.0478428
1442 109 0.0478428
1455 108 0.0737518
1468 107 0.8510218
1482 107 0.0737518
1495 107 0.0737518
1508 106 0.0737518
1522 106 0.0737518
1535 104 0.7473858
1548 104 0.4882958
1561 104 0.0478428
1575 104 0.1255698
1588 104 0.0478428
1601 104 0.0737518
1615 104 0.0478428
1628 104 0.0996608
1641 102 0.1255698
1655 102 0.0478428
1668 101 0.2292058
1681 101 0.0478428
1695 101 0.0737518
1709 101 0.0219338
1722 101 0.0737518
1736 100 0.1255698
1749 98 0.3328418
1762 98 0.2551148
1775 97 0.0996608
1789 97 0.5401138
1802 97 0.2032968
1815 97 0.0478428
1829 97 0.0478428
1842 96 0.1773878
1855 95 0.0219338
1869 95 0.1514788
1882 95 0.0996608
1895 94 0.0996608
1909 94 0.3069328
1922 93 0.0996608
1935 93 0.0737518
1949 93 0.1514788
1962 92 0.0478428
1975 92 0.0219338
1988 91 0.1255698
2002 90 0.1255698
2015 91 0.0996608
2028 90 0.1255698
2042 90 0.0737518
2055 90 0.0737518
2068 89 0.0737518
2082 89 0.1255698
2095 89 0.1514788
2108 88 0.0996608
2122 87 0.1514788
2136 87 0.5660228
2149 86 0.0996608
2163 86 0.0478428
2176 86 0.0219338
2189 85 0.1255698
2203 85 0.0996608
2216 84 0.0737518
2229 84 0.1514788
2242 84 0.0478428
2256 84 0.1255698
2269 84 0.1255698
2282 83 0.0478428
2296 82 0.1255698
2309 82 0.0996608
2322 80 0.0996608
2336 80 0.0478428
2349 80 0.1255698
2362 80 0.0478428
2376 80 0.0219338
2389 79 0.1773878
2402 79 0.0478428
2415 78 0.0737518
2429 77 0.3587508
2442 76 0.0737518
2455 76 0.3587508
2469 76 0.1514788
2482 76 0.0737518
2495 76 0.0996608
2509 76 0.0478428
2522 75 0.0737518
2536 75 0.1255698
2550 74 0.1514788
2563 74 0.0737518
2576 74 0.0737518
2590 72 0.7473858
2603 71 1.0064758
2616 71 0.0478428
2630 71 0.2292058
2643 71 0.0737518
2656 71 0.0478428
2669 70 0.1514788
2683 69 0.0478428
2696 69 0.2032968
2709 69 0.1514788
2723 68 0.1773878
2736 68 0.1514788
2749 68 0.0737518
2763 68 0.1514788
2776 68 0.0737518
2789 67 0.0478428
2803 66 0.2292058
2816 65 0.9028398
2829 65 0.0737518
2843 65 0.0737518
2856 65 0.0737518
2869 65 0.1514788
2882 64 0.0737518
2896 64 0.0996608
2909 63 0.0737518
2922 62 0.2810238
2936 61 0.4623868
2949 61 0.0737518
2963 60 0.0996608
2977 60 0.0478428
2990 60 0.0737518
3003 60 0.0478428
3017 60 0.0478428
3030 59 0.0737518
3043 59 0.0478428
3057 59 0.0219338
3070 58 0.0478428
3083 55 1.2396568
3096 56 0.0996608
3110 56 0.1514788
3123 56 0.0737518
3136 56 0.0478428
3150 56 0.0996608
3163 56 0.0996608
3176 55 0.0737518
3190 53 0.2810238
3203 53 0.0737518
3216 53 0.0737518
3230 52 0.0478428
3243 52 0.1255698
3256 52 0.0737518
3270 51 0.0478428
3283 51 0.0219338
3296 51 0.0996608
3309 51 0.0478428
3323 50 0.0996608
3336 49 0.0737518
3349 48 0.1773878
3364 48 0.4105688
3377 48 0.0478428
3390 48 0.0219338
3404 48 0.0996608
3417 47 0.0737518
3430 47 0.2292058
3444 46 0.0737518
3457 45 0.0219338
3470 45 0.0996608
3484 44 0.0996608
3497 44 0.0737518
3510 44 0.0478428
3523 42 0.1514788
3537 43 0.0737518
3550 43 0.0219338
3563 42 0.0996608
3577 42 0.0996608
3590 42 0.1255698
3603 42 0.0737518
3617 41 0.4623868
3630 40 0.0737518
3643 40 0.0737518
3657 39 0.1773878
3670 39 0.0478428
3683 38 0.1773878
3697 37 0.3846598
3710 37 0.0737518
3723 37 0.0737518
3736 37 0.0737518
3750 37 0.0478428
3763 36 0.1514788
3776 36 0.0478428
3791 34 0.0996608
3804 35 0.0737518
3817 34 0.0219338
3831 34 0.0219338
3844 34 0.0219338
3857 33 0.0478428
3871 32 0.4364778
3884 32 0.0737518
3897 31 0.0737518
3911 31 0.0478428
3924 31 0.0478428
3937 30 0.0478428
3950 29 0.4882958
3964 29 0.0996608
3977 29 0.1514788
3990 28 0.1255698
4004 29 0.0478428
4017 28 0.0478428
4030 28 0.0996608
4044 28 0.0737518
4057 27 0.0737518
4070 26 0.1255698
4084 26 0.0996608
4097 25 0.0478428
4110 25 0.0737518
4124 25 0.0996608
4137 25 0.0737518
4150 23 0.0996608
4163 23 0.0219338
4177 23 0.0737518
4190 23 0.0737518
4204 22 0.0737518
4218 21 0.0737518
4231 21 0.1514788
4244 20 0.0737518
4258 20 0.0737518
4271 20 -0.0039752
4284 19 0.0737518
4298 19 0.0219338
4311 18 0.2810238
4324 18 0.1255698
4338 17 0.0478428
4351 17 0.0737518
4364 17 0.0737518
4377 17 0.0737518
4391 16 0.1255698
4404 16 0.0478428
4417 15 0.1255698
4431 15 0.0737518
4444 14 0.1255698
4457 14 0.5919318
4471 14 0.0737518
4484 13 0.1773878
4497 13 0.1514788
4511 13 0.0737518
4524 13 0.0737518
4537 13 0.0737518
4551 13 0.1255698
4564 12 0.1255698
4577 11 0.0996608
4590 9 0.2551148
4604 9 0.2810238
4618 9 0.0478428
4631 9 0.0478428
4645 8 0.0737518
4658 8 0.0737518
4671 8 0.0737518
4685 7 0.0996608
4698 6 0.0996608
4711 6 0.0996608
4725 5 0.1514788
4738 6 0.0478428
4751 5 0.0737518
4765 5 0.0737518
4778 5 0.1255698
4791 4 0.0478428
4804 3 0.1514788
4818 2 0.0478428
4831 2 0.0996608
4844 2 0.0996608
4858 2 0.0996608
4871 2 0.0996608
4884 1 0.0737518
4898 0 0.0996608
4911 0 0.0737518
4924 0 0.0996608
