0 153 0.0478428
8 153 0.0737518
16 153 0.0478428
24 153 0.0219338
33 153 0.1255698
41 153 0.1773878
49 153 0.0478428
58 153 0.1255698
66 152 0.0737518
74 151 0.1514788
83 152 0.0996608
91 150 0.2292058
99 150 0.1255698
108 150 0.0996608
116 149 0.0478428
125 149 0.0478428
133 149 0.1255698
141 148 0.0737518
149 147 0.0737518
157 147 0.4364778
167 145 0.2810238
175 145 0.1514788
183 145 0.0219338
191 145 0.2032968
199 145 0.0737518
208 145 0.1255698
216 145 0.3587508
225 144 0.1514788
233 145 0.0996608
241 143 0.0478428
250 143 0.3846598
258 142 0.2292058
266 142 0.2292058
274 141 0.0996608
283 141 0.1773878
292 141 0.0996608
300 141 0.4105688
308 140 0.1255698
316 140 0.2810238
324 139 0.1773878
334 138 0.1773878
342 136 0.3846598
350 136 0.6696588
358 136 0.0996608
366 136 0.1514788
375 136 0.0737518
383 136 0.2032968
392 136 0.3587508
400 136 0.3587508
408 136 0.1773878
417 134 0.2292058
425 134 0.2292058
433 134 -0.0298842
442 133 0.0996608
450 133 0.0737518
458 132 0.2032968
467 131 0.2551148
475 131 0.0737518
483 131 0.0737518
491 131 0.0737518
500 131 0.0478428
509 130 0.0737518
517 129 0.0996608
525 129 0.0737518
533 129 0.2810238
541 128 0.0996608
550 127 0.0737518
559 127 0.1255698
567 127 0.1255698
575 126 0.2032968
583 125 0.2810238
592 125 0.0996608
600 125 0.0478428
609 124 0.4105688
617 123 0.0996608
625 122 0.7214768
634 122 0.0737518
642 122 0.0478428
650 122 0.0737518
658 123 0.2292058
667 123 0.2551148
676 122 0.4882958
684 122 0.2292058
692 121 0.1514788
700 121 0.0478428
708 120 0.0478428
717 119 0.0996608
726 118 0.0996608
734 118 0.0996608
742 118 0.0737518
750 117 0.2032968
759 117 0.0478428
767 117 0.0219338
775 116 0.2292058
784 116 0.0996608
792 115 0.3069328
801 115 0.0737518
809 114 0.0737518
817 113 0.1255698
825 113 0.0996608
834 113 0.1514788
842 112 0.0219338
851 112 0.0737518
859 112 0.0478428
867 111 0.0737518
875 110 0.4364778
883 110 0.2551148
893 110 0.2551148
901 109 0.0996608
909 109 0.0478428
917 108 0.1773878
925 108 0.0478428
934 108 0.0737518
942 107 0.0219338
951 107 0.3069328
959 107 0.1514788
967 106 0.0737518
976 106 0.1773878
984 105 0.1773878
992 104 0.8769308
1001 104 0.0219338
1009 104 0.0478428
1018 104 0.2551148
1026 104 0.1255698
1034 104 0.0737518
1042 104 0.6437498
1050 104 0.1773878
1060 103 0.3069328
1068 103 0.5142048
1076 101 0.1773878
1084 99 0.4105688
1092 99 0.1514788
1101 100 0.0996608
1109 99 0.0737518
1118 98 0.0737518
1126 98 0.1255698
1134 98 0.1255698
1143 98 0.1255698
1151 98 0.3069328
1159 98 0.2292058
1168 97 0.0996608
1176 95 0.2032968
1185 95 0.2810238
1193 94 0.0737518
1201 93 0.6437498
1209 93 0.1514788
1217 93 0.0737518
1226 93 0.0996608
1235 93 0.3846598
1243 93 0.5660228
1251 93 0.1514788
1259 93 0.1255698
1267 92 0.0737518
1276 91 0.1514788
1285 89 0.2810238
1293 90 0.0478428
1301 90 0.0996608
1309 90 0.0996608
1318 89 0.1514788
1326 90 0.3846598
1335 89 0.3328418
1343 89 0.0996608
1351 88 0.0737518
1360 87 0.0478428
1368 85 0.1773878
1376 85 0.0737518
1384 84 1.1619298
1393 84 0.1255698
1402 85 0.0478428
1410 85 0.8251128
1418 85 0.6696588
1426 84 0.2810238
1434 84 0.4623868
1443 84 0.0737518
1452 82 0.0737518
1460 82 0.0996608
1468 81 0.4364778
1476 80 0.0737518
1485 79 0.3069328
1493 79 0.0996608
1502 79 0.0737518
1510 79 0.1255698
1518 79 0.3587508
1527 79 0.1514788
1535 78 0.1773878
1543 78 0.1255698
1551 76 0.0996608
1560 75 2.0946538
1569 74 0.2810238
1577 75 0.0737518
1585 75 0.0478428
1593 75 0.1514788
1601 75 0.2032968
1609 75 0.1773878
1619 75 0.2810238
1627 74 0.0737518
1635 74 0.0478428
1643 73 0.0478428
1651 71 0.0996608
1660 71 0.0996608
1669 71 0.1514788
1677 71 0.1255698
1685 71 0.0478428
1693 70 0.0996608
1702 70 0.0737518
1710 69 0.0478428
1718 69 0.2032968
1727 68 0.8251128
1735 67 0.1255698
1744 67 0.0996608
1752 67 0.0737518
1760 67 0.0996608
1768 67 0.0996608
1776 66 0.3846598
1786 66 0.0737518
1794 65 0.0996608
1802 64 0.0996608
1810 64 0.0996608
1818 64 0.1514788
1827 63 0.0737518
1835 63 0.2032968
1844 63 0.3069328
1852 62 0.2551148
1860 61 0.0478428
1869 61 0.0996608
1877 60 0.2810238
1885 60 0.0737518
1894 59 0.1255698
1902 59 0.0737518
1911 59 0.0996608
1919 59 0.1773878
1927 59 0.0996608
1935 59 0.3846598
1943 59 0.1514788
1953 59 0.1255698
1961 57 0.0737518
1969 55 1.1101118
1977 55 0.1514788
1985 54 0.3587508
1993 54 0.2032968
2002 54 0.0478428
2011 55 0.1255698
2019 55 0.6696588
2027 54 0.4882958
2035 53 0.1773878
2044 53 0.1773878
2052 51 0.7992038
2061 51 0.1255698
2069 51 0.1514788
2077 51 0.1514788
2086 50 0.1255698
2094 50 0.1514788
2102 50 0.1255698
2110 50 0.0737518
2119 49 0.0737518
2128 49 0.1255698
2136 47 0.1773878
2144 46 0.0737518
2152 46 0.1255698
2160 45 0.2551148
2169 44 0.1514788
2178 45 0.0737518
2186 45 -0.0039752
2194 45 0.2292058
2202 45 0.1514788
2211 45 0.1773878
2219 44 0.0478428
2228 44 0.0996608
2236 42 0.4105688
2244 42 0.4623868
2253 42 0.3069328
2261 42 0.0996608
2269 42 0.0737518
2277 42 0.0737518
2286 41 0.0996608
2295 41 0.2551148
2303 40 0.1514788
2311 40 0.0219338
2319 38 0.0737518
2327 37 0.5660228
2335 36 -0.7294272
2345 36 0.1514788
2353 36 0.1514788
2361 36 0.1514788
2369 37 0.3069328
2377 36 0.2032968
2386 36 0.3328418
2395 36 0.0737518
2403 34 0.1255698
2411 34 0.2551148
2419 34 0.0996608
2428 33 0.0478428
2436 33 0.0996608
2444 32 0.1514788
2453 32 0.0478428
2461 31 0.1255698
2470 31 0.0996608
2478 31 0.4105688
2486 31 0.0737518
2494 30 0.0996608
2502 29 0.8251128
2512 28 0.6696588
2520 28 0.1514788
2528 27 0.1514788
2536 27 0.1514788
2544 27 0.0737518
2553 27 0.0737518
2562 27 0.2551148
2570 27 0.0737518
2578 26 0.0996608
2586 25 0.1255698
2595 25 0.0478428
2603 25 0.0737518
2611 24 0.0996608
2620 24 0.0996608
2628 24 0.0737518
2637 24 0.3069328
2645 23 0.0996608
2653 23 0.0737518
2661 22 0.1255698
2669 20 0.6178408
2679 20 0.1514788
2687 20 0.1255698
2695 20 0.3587508
2703 19 0.1255698
2711 19 0.2032968
2719 19 0.2292058
2728 18 0.0996608
2737 17 0.4364778
2745 16 0.7992038
2753 16 0.6696588
2761 16 0.0478428
2770 16 0.0737518
2778 15 0.1773878
2787 15 0.0737518
2795 15 0.1255698
2803 15 0.3069328
2812 15 0.0737518
2820 14 0.0478428
2828 13 0.1255698
2836 12 0.1255698
2845 12 -0.0039752
2854 12 0.1514788
2862 12 0.0996608
2870 12 0.1514788
2878 11 0.2032968
2886 11 0.1255698
2895 10 0.3846598
2904 9 0.2551148
2912 8 0.1773878
2920 8 0.3846598
2928 8 0.0996608
2937 8 0.1255698
2945 7 0.0737518
2954 7 0.2032968
2962 7 0.4105688
2970 6 0.0737518
2979 6 0.0737518
2987 5 0.0996608
2995 5 0.2551148
3003 4 0.0996608
3012 3 0.0996608
3021 1 0.2292058
3029 2 0.9287488
3037 2 0.1514788
3045 2 0.0737518
3053 2 0.0478428
3062 2 0.3069328
3071 2 0.3328418
3079 1 0.2292058
3087 1 0.1255698
3095 0 0.0478428
3103 0 0.0996608
