0 153 0.1255698
3 152 0.2032968
5 153 0.1255698
7 153 0.0737518
9 152 0.0737518
12 153 0.1773878
14 153 0.1514788
16 152 0.0478428
19 153 0.0996608
22 153 0.0737518
24 153 0.3587508
26 151 0.2292058
29 153 0.2810238
31 152 0.5660228
33 153 0.3328418
36 152 0.0737518
38 152 0.1773878
40 153 0.2032968
42 151 0.9805668
45 151 1.3432928
47 151 0.5142048
49 151 0.7473858
52 151 0.4623868
54 152 0.6696588
56 151 0.5660228
59 151 0.1773878
61 151 0.6696588
63 149 2.0687448
66 149 1.6542008
69 150 0.1514788
71 150 0.2032968
73 149 0.3846598
76 149 0.2810238
78 149 0.0478428
80 148 0.0996608
82 147 1.6282918
85 146 1.6801098
87 146 0.1514788
89 146 0.1255698
92 146 0.0219338
94 145 0.0219338
96 145 0.2032968
98 144 0.1255698
101 146 -0.3926102
103 143 1.6542008
105 142 1.5505648
109 143 0.1773878
111 142 0.2292058
113 142 0.0737518
116 142 0.0478428
118 141 0.5401138
120 141 0.3328418
122 139 1.3692018
125 138 1.0323848
127 139 0.0737518
129 139 0.0478428
132 138 0.0478428
134 137 0.0478428
136 137 0.6437498
138 134 0.4882958
141 136 -0.1335202
143 134 1.3173838
145 134 0.7473858
148 135 0.0737518
151 134 0.0737518
153 134 0.0737518
155 133 0.0219338
158 133 0.0996608
160 132 0.0478428
162 131 1.1878388
165 130 1.0842028
167 131 0.0737518
169 130 0.0737518
172 130 0.1514788
174 129 0.2810238
176 129 0.9287488
178 127 0.1514788
181 128 0.2032968
183 127 1.0323848
185 126 1.1619298
188 127 0.2032968
190 126 0.0737518
193 125 0.0737518
195 125 0.0737518
198 124 1.0842028
200 123 0.4105688
202 122 0.7732948
205 121 0.7992038
207 121 1.5246558
209 119 1.0842028
211 120 0.7992038
214 121 1.2655658
216 120 0.8510218
218 119 0.1773878
221 120 0.3846598
223 119 1.0064758
225 119 0.7732948
228 119 0.0996608
230 119 0.0478428
232 119 0.0737518
234 119 0.0478428
238 118 0.0737518
240 118 0.0478428
242 117 1.3173838
245 117 1.2914748
247 117 0.0737518
249 117 0.1255698
251 117 0.0737518
254 116 0.1255698
256 116 0.0737518
258 115 0.0737518
261 114 1.0582938
263 113 1.4987468
265 114 0.8251128
267 114 0.0478428
270 113 0.0478428
272 113 0.0737518
274 112 0.0737518
278 111 0.0737518
280 110 0.0478428
282 109 1.1619298
285 108 1.2655658
287 109 0.6955678
289 108 1.1360208
291 107 0.4364778
294 106 0.1255698
296 106 2.2501078
298 104 1.8355638
301 104 0.8769308
303 102 1.7837458
305 104 0.1773878
307 104 1.7060188
310 102 1.4728378
312 103 0.2032968
314 103 0.2810238
317 103 0.0737518
319 102 0.0737518
322 101 0.9546578
324 101 1.3432928
327 101 0.0996608
329 101 0.2032968
331 100 0.3846598
334 100 0.0996608
336 100 0.0478428
338 100 0.0996608
340 99 1.1101118
343 98 1.1619298
345 99 0.6437498
347 99 0.1514788
350 98 0.1255698
352 98 0.1255698
354 98 0.0737518
357 98 0.0737518
359 98 0.0478428
361 95 1.1360208
364 95 1.1619298
367 95 0.0737518
369 95 0.0996608
371 95 0.0737518
374 93 0.0737518
376 93 0.2810238
378 93 0.8251128
380 91 1.2914748
383 90 1.2396568
385 91 0.0996608
387 91 0.0478428
390 90 0.3069328
392 88 0.3587508
394 88 0.9546578
396 89 1.0064758
399 89 0.5142048
401 87 1.7837458
403 87 1.9910178
407 88 0.1514788
409 88 0.2032968
411 87 0.2551148
413 86 0.1773878
416 86 0.1514788
418 85 0.2032968
420 83 1.1360208
423 82 1.2914748
425 83 0.6178408
427 82 0.3328418
430 84 -0.1594292
432 83 0.0737518
434 83 0.0996608
436 82 0.0478428
439 82 0.2032968
441 81 1.1360208
443 80 1.1878388
446 80 0.0478428
449 80 0.0219338
451 80 0.2810238
453 79 0.0737518
456 79 0.0737518
458 78 0.1514788
460 77 1.5246558
463 76 1.7060188
465 77 0.0737518
467 76 0.0737518
469 74 0.4623868
472 73 1.1878388
474 74 1.5764738
476 74 0.4623868
479 75 -0.5998822
481 72 1.5246558
483 73 1.0064758
486 74 0.1255698
488 73 0.0737518
490 72 0.0996608
493 72 0.0219338
496 71 1.0323848
498 71 1.1360208
500 70 0.9287488
503 69 1.2914748
505 70 0.0996608
507 70 0.0478428
509 69 0.0478428
512 69 0.0737518
514 69 0.0737518
516 68 0.1255698
519 68 0.1514788
521 66 1.7578368
523 65 1.6023828
525 66 0.1255698
528 66 0.0996608
530 65 0.4105688
532 64 0.0996608
536 63 0.3069328
538 64 0.6696588
540 63 0.9805668
543 62 1.3951108
545 63 0.0996608
547 63 0.0996608
549 62 0.0737518
552 62 0.0737518
554 60 0.0996608
556 61 0.4105688
559 60 0.4364778
561 58 1.9910178
563 58 1.6801098
565 59 0.0996608
568 59 0.0737518
570 59 0.0996608
572 58 0.0478428
575 58 0.0737518
578 57 0.0996608
580 55 1.0582938
582 55 1.1101118
585 54 0.4882958
587 55 1.0064758
589 54 0.4105688
592 53 0.2292058
594 53 1.6282918
596 52 1.4728378
598 50 0.3846598
601 51 0.4364778
603 52 0.0478428
605 50 0.9287488
608 50 0.6955678
610 51 0.0219338
612 51 0.0996608
615 50 0.0219338
617 50 0.0737518
620 50 0.0219338
622 49 0.0478428
625 48 1.0323848
627 47 1.1619298
629 48 0.0737518
632 48 0.0478428
634 47 0.1773878
636 47 0.0996608
638 47 0.2032968
641 46 0.6437498
643 46 0.4105688
645 44 1.6542008
648 44 1.2914748
650 44 0.1514788
652 44 0.0478428
654 44 0.0737518
657 43 0.0737518
659 43 0.2810238
662 43 0.0478428
665 41 1.2137478
667 41 1.2137478
669 42 0.1255698
672 42 0.0996608
674 41 0.0996608
676 41 0.0996608
678 41 0.0478428
681 40 0.0478428
683 39 0.8510218
685 38 1.2655658
688 38 1.2914748
690 38 0.0737518
692 38 0.0996608
694 37 0.0737518
697 36 0.0996608
699 36 1.0064758
701 35 0.5142048
705 33 1.2137478
707 33 1.0582938
709 34 0.3846598
711 32 0.1773878
714 33 0.0478428
716 32 0.0478428
718 32 0.2551148
721 32 0.6696588
723 31 0.6955678
725 30 1.0842028
727 31 0.4364778
730 30 0.0219338
732 29 0.0737518
734 28 0.1255698
737 28 0.3069328
739 26 1.3692018
741 26 0.6178408
744 25 1.1101118
746 25 1.0064758
749 26 0.3069328
751 25 0.5660228
754 23 0.3069328
756 24 0.3587508
758 25 0.2292058
761 24 0.3587508
763 23 0.9546578
765 23 1.1101118
767 24 0.5401138
770 23 0.1255698
772 23 0.0737518
774 23 0.0737518
777 23 0.1255698
779 23 0.1255698
781 22 0.0737518
783 20 1.4728378
786 20 1.3432928
788 21 0.0478428
791 21 0.0478428
794 20 0.0737518
796 20 0.0219338
798 20 0.0737518
800 20 0.0478428
803 18 1.1878388
805 17 1.4728378
807 18 0.2551148
810 17 0.0478428
812 17 0.0737518
814 16 0.3587508
817 16 0.5142048
819 15 0.6178408
821 15 0.5142048
823 13 1.7837458
826 12 1.6023828
828 13 0.0219338
830 13 0.0737518
834 12 0.0219338
836 11 0.1255698
838 12 0.0478428
840 12 0.0737518
843 10 1.1360208
845 9 1.2137478
847 10 0.1255698
850 9 0.0737518
852 8 0.0478428
854 8 0.3846598
856 8 0.6178408
859 8 0.2292058
861 6 0.1255698
863 5 1.6801098
866 5 1.6023828
868 6 0.0737518
870 6 0.0478428
873 5 0.0478428
876 5 0.0996608
878 5 0.0478428
880 4 0.0478428
883 3 1.0842028
885 2 0.8251128
887 2 0.0737518
890 2 0.1255698
892 1 0.2810238
894 1 1.3173838
896 0 0.7992038
899 0 0.3328418
