0 -2 0.0737518
3 -2 0.1773878
5 -2 0.0737518
7 -2 0.1514788
10 -2 0.1514788
12 -2 0.0996608
14 -2 0.1773878
17 -2 0.1255698
19 -2 0.1514788
21 -2 0.0996608
24 -2 0.0996608
26 -5 2.8978328
29 -5 2.8978328
31 -5 2.8978328
34 -4 2.7423788
37 -4 1.9910178
39 -5 2.7682878
41 -4 2.6905608
44 -4 2.6646518
46 -4 2.6646518
48 -3 1.4210198
51 -2 1.7578368
53 -2 2.0428358
55 -3 2.4055618
58 -1 1.6023828
60 -2 2.0169268
62 -2 2.5610158
65 -2 1.8355638
67 -2 2.3796528
69 -1 1.7060188
72 -1 2.2501078
74 0 1.7060188
77 0 2.3278348
80 0 1.7837458
82 0 1.3692018
84 0 2.1464718
87 1 1.7319278
89 2 1.6023828
91 2 1.5246558
94 3 1.3951108
96 4 1.3951108
98 4 1.4210198
101 4 1.4210198
103 4 1.5764738
105 5 1.1101118
108 6 1.2655658
110 6 0.9546578
112 7 1.2396568
115 8 0.9287488
117 8 1.1619298
120 8 1.0842028
123 9 0.8251128
125 9 0.8251128
127 10 1.1360208
130 11 1.0064758
132 12 0.8769308
134 12 1.1619298
137 12 1.1101118
139 13 0.9287488
141 13 1.0323848
144 14 1.0582938
146 14 0.9805668
148 15 0.6955678
151 15 1.1619298
153 16 1.0582938
155 17 0.9287488
158 18 0.8251128
160 19 1.1101118
163 19 1.0582938
166 20 0.9028398
168 21 0.7732948
170 21 1.0842028
173 22 1.0842028
175 23 0.9028398
177 23 0.9028398
180 24 0.7473858
182 24 0.7992038
184 24 0.6437498
187 25 0.7992038
189 26 0.6955678
191 27 0.7992038
194 28 0.6955678
196 28 0.8251128
198 29 0.7473858
201 30 0.8769308
203 31 0.8251128
206 31 0.9028398
209 32 0.8510218
211 32 0.6437498
214 33 0.6178408
216 34 0.5919318
218 34 0.7473858
221 35 0.7992038
223 36 0.8510218
225 37 0.8251128
228 38 0.8769308
230 39 0.9028398
232 39 0.9546578
235 40 0.8769308
237 40 0.6178408
239 41 0.6437498
242 42 0.6955678
244 42 0.7473858
247 42 0.7473858
250 43 0.7992038
252 44 0.8251128
254 45 0.8510218
257 46 0.7992038
259 47 0.4882958
261 47 0.6955678
264 48 0.6696588
266 49 0.7732948
268 49 0.7732948
271 50 0.8769308
273 51 0.8251128
275 51 0.4364778
278 52 0.6696588
280 53 0.6437498
282 53 0.7992038
285 55 0.7732948
287 55 0.8769308
290 56 0.5919318
293 58 0.6178408
295 58 0.6696588
297 59 0.7473858
300 59 0.6955678
302 59 0.8251128
304 60 0.7732948
307 61 0.8251128
309 61 0.9287488
311 63 0.6178408
314 64 0.5919318
316 64 0.7214768
318 64 0.7214768
321 65 0.7992038
323 66 0.7992038
325 66 0.8510218
328 67 0.8510218
330 68 0.6178408
333 69 0.6437498
336 71 0.5660228
338 71 0.7992038
340 71 0.6955678
343 72 0.8510218
345 73 0.4364778
347 73 0.5919318
350 74 0.6696588
352 74 0.7992038
354 75 0.7992038
357 75 0.8510218
359 77 0.5660228
361 78 0.6696588
364 78 0.7214768
366 79 0.7732948
369 80 0.7992038
371 81 0.8769308
373 82 0.8510218
377 82 0.9028398
379 83 0.9546578
381 83 0.6696588
384 83 0.5660228
386 85 0.5919318
388 86 0.7473858
391 87 0.6696588
393 88 0.8251128
395 88 0.7473858
398 88 0.9028398
400 89 0.5660228
402 90 0.6437498
405 91 0.6178408
407 92 0.7992038
409 92 0.7992038
412 93 0.8769308
414 93 0.9287488
416 94 0.9028398
420 95 0.5660228
422 96 0.6696588
424 97 0.6696588
427 98 0.7732948
429 99 0.7214768
431 99 0.8769308
434 100 0.7992038
436 100 0.9028398
438 101 0.8769308
441 102 0.9546578
443 103 0.9028398
445 104 0.9805668
448 104 0.5919318
450 104 0.5660228
452 106 0.6437498
455 106 0.5660228
457 107 0.7214768
459 108 0.6696588
463 108 0.8251128
465 109 0.8510218
467 109 0.8510218
470 110 0.5660228
472 112 0.6437498
474 113 0.6955678
477 113 0.7473858
479 114 0.7732948
481 114 0.8251128
484 115 0.6696588
486 116 0.6178408
488 117 0.5919318
491 117 0.7732948
493 118 0.7473858
495 118 0.8769308
498 119 0.8510218
500 119 0.5660228
503 120 0.6178408
506 121 0.4623868
508 121 0.7473858
511 121 0.6696588
513 122 0.8251128
515 123 0.6955678
518 124 0.8510218
520 125 0.7732948
522 125 0.9805668
525 126 0.7214768
527 126 0.6696588
529 127 0.5919318
532 127 0.6437498
534 128 0.6178408
536 128 0.6955678
539 129 0.7214768
541 130 0.7473858
543 130 0.7732948
547 131 0.7992038
549 132 0.7473858
551 132 0.8510218
554 133 0.7992038
556 134 0.9028398
558 134 0.8769308
561 134 0.9028398
563 136 0.5142048
565 137 0.6696588
568 137 0.6696588
570 138 0.7732948
572 138 0.7473858
575 139 0.8510218
577 140 0.1255698
579 141 0.0996608
582 142 0.0737518
584 142 0.0737518
586 142 0.2810238
590 143 0.4364778
592 144 0.0996608
594 145 0.1255698
597 145 0.0478428
599 145 0.0737518
601 145 0.0996608
604 146 0.0737518
606 147 0.0996608
608 147 0.0478428
611 148 0.0737518
613 149 0.0737518
615 149 0.0996608
618 149 0.2551148
620 150 0.5919318
622 150 0.7473858
625 150 0.2032968
627 151 0.7214768
631 151 0.6955678
633 151 0.1773878
635 152 0.5142048
638 151 0.6696588
640 153 1.6023828
642 152 0.5142048
645 153 1.4987468
647 152 0.9546578
649 152 0.8510218
652 153 0.2032968
654 153 0.2032968
656 153 0.1255698
659 153 0.0478428
661 153 0.0996608
663 153 0.0737518
