0 -2 0.0737518
3 -2 0.2032968
5 -2 0.0996608
7 -2 0.1255698
10 -2 0.0737518
12 -2 0.1514788
14 -2 0.0996608
17 -3 2.2501078
19 -4 3.0014688
21 -4 2.8201058
24 -4 2.8460148
26 -3 2.0169268
28 -4 2.7941968
31 -4 2.7164698
33 -4 2.6646518
36 -2 1.3692018
39 -2 1.8096548
41 -2 2.1464718
43 -2 1.3432928
46 -2 1.8873818
48 -2 1.2396568
50 -1 1.9132908
53 0 1.4728378
55 -1 2.2501078
57 0 1.8355638
60 0 1.6542008
62 0 1.4210198
64 0 1.2137478
67 1 1.1619298
69 2 1.1619298
71 2 1.1878388
74 3 1.2655658
76 4 1.3692018
79 4 1.4728378
82 5 1.0064758
84 5 1.2914748
86 6 0.9546578
89 6 1.2396568
91 7 1.0842028
93 8 0.9028398
96 8 0.7992038
98 8 0.7214768
100 9 0.6955678
103 9 0.7473858
105 10 0.6955678
107 11 0.6696588
110 11 0.6955678
112 12 0.6696588
114 13 0.6696588
117 13 0.7214768
120 15 0.6955678
122 15 0.6696588
125 15 0.7732948
127 16 0.7992038
130 17 0.7992038
132 18 0.8251128
134 19 0.8510218
137 19 0.8510218
139 20 0.9028398
141 20 0.8769308
144 21 0.9028398
146 22 0.5919318
148 23 0.6696588
151 23 0.7473858
153 24 0.7732948
155 24 0.8251128
158 25 0.5919318
160 25 0.6437498
163 27 0.7473858
166 28 0.5660228
168 28 0.6696588
170 29 0.6955678
173 31 0.5919318
175 31 0.6437498
177 32 0.4623868
180 32 0.6437498
182 33 0.4623868
184 34 0.5919318
187 34 0.6437498
189 35 0.5660228
191 36 0.6178408
194 38 0.4364778
196 38 0.6696588
198 39 0.5401138
201 40 0.5660228
203 40 0.6955678
206 41 0.5142048
209 42 0.5401138
211 42 0.7473858
213 42 0.5660228
216 43 0.6437498
218 44 0.4623868
220 45 0.6437498
223 46 0.7214768
225 47 0.5401138
227 47 0.7214768
230 49 0.4623868
232 50 0.5142048
234 50 0.4882958
237 51 0.5919318
239 51 0.5401138
241 52 0.5919318
244 53 0.6955678
246 54 0.5919318
249 55 0.6696588
252 56 0.5660228
254 57 0.6437498
256 58 0.5401138
259 59 0.5919318
261 59 0.3846598
263 59 0.6178408
266 60 0.4105688
268 61 0.5919318
270 62 0.7214768
273 63 0.5660228
275 64 0.6437498
277 64 0.4364778
280 65 0.6696588
282 66 0.4105688
284 67 0.6178408
287 68 0.5401138
289 69 0.5919318
292 70 0.6437498
295 71 0.4105688
297 71 0.6696588
299 71 0.4882958
302 72 0.6437498
304 74 0.4364778
306 74 0.6437498
309 74 0.5142048
311 75 0.5660228
314 76 0.5142048
316 77 0.6178408
318 78 0.5401138
321 79 0.5660228
323 80 0.3328418
325 80 0.6437498
328 82 0.4105688
330 82 0.6178408
332 83 0.6955678
336 83 0.5660228
338 84 0.6178408
340 86 0.4623868
343 86 0.6437498
345 87 0.4364778
347 88 0.5919318
350 88 0.5401138
352 89 0.5401138
354 90 0.6178408
357 91 0.4364778
359 92 0.6437498
361 93 0.4882958
364 93 0.5919318
366 94 0.3069328
368 95 0.5919318
371 96 0.6437498
373 97 0.3846598
376 98 0.6437498
379 99 0.5401138
381 100 0.6178408
383 100 0.7214768
386 100 0.5660228
388 102 0.6178408
390 102 0.4882958
393 104 0.6178408
395 104 0.7214768
397 104 0.4882958
400 105 0.6437498
402 106 0.4364778
404 107 0.5142048
407 108 0.6955678
409 109 0.5401138
411 109 0.5919318
414 110 0.5401138
416 111 0.5401138
419 112 0.5142048
422 113 0.5401138
424 114 0.2032968
426 115 0.5919318
429 115 0.3587508
431 116 0.5919318
433 117 0.5919318
436 117 0.5919318
438 118 0.6696588
440 119 0.4882958
443 119 0.6437498
445 120 0.4364778
447 121 0.6437498
450 121 0.4105688
452 121 0.6178408
455 122 0.4623868
457 123 0.5919318
459 124 0.7214768
463 125 0.5660228
465 126 0.6437498
467 127 0.4105688
470 127 0.6178408
472 127 0.7473858
474 128 0.4623868
477 129 0.6955678
479 129 0.5401138
481 130 0.5660228
484 131 0.7214768
486 132 0.5660228
488 132 0.6437498
491 134 0.3846598
493 134 0.6178408
495 134 0.3587508
498 135 0.6178408
500 136 0.5401138
502 137 0.5660228
506 137 0.5919318
508 138 0.3846598
510 140 0.3846598
513 140 0.2551148
515 141 0.0737518
517 142 0.0737518
520 142 0.0737518
522 143 0.0737518
524 143 0.1255698
527 144 0.0737518
529 145 0.0737518
531 145 0.0737518
534 146 0.0996608
536 146 0.0478428
538 147 0.0478428
541 148 0.0737518
543 149 0.3069328
545 148 0.2551148
549 149 1.1360208
551 148 0.3328418
553 150 0.6437498
556 150 1.1619298
558 150 0.5660228
560 152 1.2396568
563 151 0.4623868
565 151 1.9132908
567 151 0.9805668
570 151 2.4055618
572 151 2.0428358
574 152 0.9805668
577 153 1.5505648
579 153 0.2292058
581 153 0.5142048
584 153 0.0737518
586 153 0.1255698
588 153 0.0737518
592 153 0.0737518
594 153 0.0219338
