0 -5 0.3069328
3 -4 0.9805668
5 -4 0.2810238
7 -4 0.6178408
10 -4 1.0323848
12 -5 0.3587508
14 -4 1.0582938
17 -5 0.4623868
19 -4 1.1101118
22 -5 0.4105688
24 -4 0.6696588
26 -6 2.7164698
29 -6 2.7164698
31 -6 2.7423788
34 -6 1.6542008
37 -6 2.6646518
39 -6 2.7164698
41 -6 1.5505648
44 -6 2.6646518
46 -6 2.7164698
48 -6 2.5351068
51 -6 2.6387428
53 -5 2.5610158
55 -4 1.9651088
58 -5 2.6387428
60 -5 2.3796528
62 -4 1.7578368
65 -4 2.5869248
67 -4 2.4314708
69 -3 1.7319278
72 -4 2.5610158
74 -4 2.4573798
77 -3 1.8614728
80 -4 2.6387428
82 -3 2.4573798
84 -2 1.8614728
87 -3 2.6128338
89 -3 2.4573798
91 -2 1.6801098
94 -2 2.5869248
96 -2 2.4573798
98 -2 2.3019258
101 -2 2.0169268
103 -2 1.9391998
105 -2 1.8873818
108 -1 1.9132908
110 -1 1.9910178
112 -1 2.1723808
115 -1 2.3278348
117 0 1.3692018
120 0 1.7319278
123 0 2.1205628
125 0 1.2137478
127 0 1.8096548
130 0 2.2241988
132 0 1.4469288
134 0 1.9132908
137 1 2.3278348
139 2 1.7060188
141 2 2.0428358
144 3 1.3432928
146 3 1.8096548
148 3 2.2501078
151 4 1.5246558
153 4 2.0169268
155 4 1.3432928
158 4 1.8614728
160 4 1.2137478
163 4 1.8355638
166 4 2.2241988
168 5 1.7578368
170 5 2.3537438
173 6 1.7578368
175 6 1.1619298
177 6 1.7837458
180 7 1.3692018
182 7 2.0946538
184 7 1.7060188
187 8 1.3432928
189 8 1.9651088
191 8 1.6801098
194 9 1.3692018
196 9 2.0428358
198 10 1.6542008
201 11 1.3432928
203 10 1.9910178
206 11 1.6542008
209 12 1.4469288
211 12 1.1619298
213 12 1.9132908
216 12 1.6542008
218 13 1.4728378
221 14 1.3173838
223 14 1.1360208
225 14 1.8873818
228 14 1.6542008
230 14 1.5505648
232 14 1.4987468
235 15 1.3432928
237 16 1.1619298
239 16 1.1619298
242 17 1.8614728
244 17 1.7578368
247 18 1.6282918
250 19 1.5246558
252 19 1.3692018
254 20 1.2137478
257 19 2.0169268
259 19 1.7319278
261 20 1.5764738
264 21 1.4469288
266 21 1.2396568
268 21 2.0169268
271 22 1.7837458
273 22 1.6542008
275 23 1.6023828
278 23 1.5505648
280 23 1.4469288
282 23 1.4210198
285 24 1.3951108
287 24 1.3951108
290 24 1.3173838
293 25 1.3692018
295 26 1.3173838
297 26 1.3432928
300 27 1.3692018
302 27 1.3173838
304 28 1.3432928
307 28 1.3173838
309 29 1.2396568
311 29 1.2655658
314 30 1.2396568
316 30 1.1878388
318 31 1.2137478
321 31 1.2137478
323 31 1.1878388
325 32 1.2655658
328 32 1.3173838
330 33 1.3432928
333 33 1.4469288
336 33 1.4728378
338 34 1.5246558
340 34 1.6023828
343 35 1.6282918
345 36 1.7578368
348 36 1.7060188
350 37 1.0582938
352 38 1.0842028
355 38 1.1360208
357 39 1.1878388
359 40 1.2396568
362 40 1.2396568
364 40 1.2914748
366 40 1.3692018
369 40 1.3951108
371 41 1.4987468
373 41 1.5505648
377 41 1.0582938
379 42 1.0582938
381 42 1.2137478
384 42 1.3432928
386 43 1.3951108
388 43 1.5505648
391 44 1.5505648
393 44 1.6801098
395 45 1.4728378
398 46 1.0842028
400 46 1.1619298
402 47 1.1360208
405 47 1.2655658
407 48 1.2914748
409 49 1.3173838
412 49 1.3951108
414 49 1.4469288
416 50 1.4728378
420 50 1.6542008
422 50 1.1101118
424 51 1.1360208
427 51 1.1878388
429 52 1.3173838
431 52 1.3951108
434 53 1.4210198
436 54 1.5764738
438 54 1.6282918
441 55 1.6801098
443 55 1.6801098
445 56 1.0323848
448 57 1.0842028
450 58 1.0842028
452 58 1.1619298
455 58 1.2396568
457 58 1.2396568
459 59 1.2655658
463 59 1.3173838
465 59 1.2914748
467 59 1.3692018
470 60 1.4210198
472 61 1.4469288
474 61 1.4987468
477 62 1.6023828
479 62 1.0323848
481 63 1.0323848
484 63 1.1619298
486 64 1.1619298
488 64 1.2137478
491 64 1.2655658
493 65 1.2655658
495 66 1.2396568
498 66 1.2137478
500 67 1.2396568
504 67 1.2137478
506 68 1.3173838
508 68 1.3692018
511 69 1.3692018
513 69 1.4987468
515 70 1.5764738
518 70 1.0064758
520 71 1.1101118
522 71 1.2655658
525 71 1.3432928
527 72 1.3692018
529 72 1.4728378
532 73 1.4728378
534 73 1.4987468
536 73 1.5764738
539 73 1.6282918
541 74 1.6282918
543 74 1.7578368
547 74 1.1619298
549 76 1.0323848
551 77 1.0323848
554 78 1.1619298
556 78 1.1878388
558 78 1.2655658
561 79 1.3692018
563 79 1.3951108
565 79 1.4469288
568 80 1.4469288
570 81 1.4987468
572 81 1.4987468
575 81 1.5764738
577 82 1.5246558
579 82 1.5764738
582 82 1.5764738
584 83 1.5505648
586 83 1.5764738
590 84 1.6282918
592 85 1.6282918
594 85 1.4469288
597 85 0.9805668
599 87 1.1101118
601 87 1.1878388
604 87 1.3173838
606 88 1.3951108
608 88 1.4728378
611 89 1.5505648
613 89 1.8096548
615 89 1.0323848
618 89 1.0582938
620 90 1.9391998
622 91 1.7837458
625 91 1.6023828
627 92 1.4469288
629 93 1.1619298
633 92 1.9391998
635 93 1.6801098
637 94 1.5505648
640 94 1.4987468
642 94 1.3951108
644 95 1.3432928
647 96 1.3692018
649 97 1.3692018
652 97 1.3692018
654 97 1.4469288
656 98 1.4469288
659 98 1.4987468
661 99 1.5505648
663 99 1.5246558
666 100 1.2655658
668 99 1.9651088
670 100 1.4728378
674 100 2.1205628
676 101 1.6801098
678 102 1.1878388
681 102 1.7837458
683 102 1.5505648
685 103 1.2914748
688 103 2.0687448
690 103 1.7578368
692 103 1.6023828
695 103 1.5764738
697 104 1.4987468
699 105 1.4469288
702 106 1.4987468
704 106 1.4728378
706 106 1.3951108
709 107 1.4210198
711 107 1.4469288
713 108 1.3692018
717 108 1.2655658
719 108 1.9651088
721 108 1.7837458
724 108 1.5505648
726 110 1.1619298
728 110 1.8873818
731 110 1.6282918
733 111 1.4210198
735 112 1.1360208
738 112 1.8873818
740 112 1.6801098
742 113 1.4728378
745 113 1.3692018
747 114 1.2137478
749 114 2.0169268
752 114 1.8096548
754 115 1.6801098
756 115 1.6542008
760 115 1.6023828
762 116 1.5764738
764 117 1.5246558
767 117 1.4987468
769 117 1.4210198
771 118 1.3951108
774 118 1.2914748
776 119 1.1360208
778 118 1.7837458
781 119 1.7319278
783 119 1.6542008
785 119 1.5505648
788 120 1.4728378
790 120 1.4728378
792 120 1.3951108
795 121 1.3951108
797 121 1.3173838
800 122 1.3173838
803 123 1.3173838
805 123 1.2914748
808 124 1.2137478
810 123 1.9391998
812 124 1.8096548
815 125 1.5505648
817 125 2.1464718
819 125 1.7060188
822 125 2.2241988
824 125 1.7060188
826 126 1.2396568
829 126 1.8096548
831 127 1.5246558
833 127 1.1619298
836 127 1.9132908
838 127 1.6542008
840 128 1.4728378
843 128 1.3692018
846 129 1.3173838
848 129 1.2655658
851 130 1.2396568
853 130 1.1878388
855 130 1.1101118
858 130 1.1101118
860 130 1.9132908
862 131 1.6542008
865 131 1.2396568
867 132 1.8096548
869 132 1.3173838
872 132 1.8614728
874 133 1.2137478
876 133 1.8355638
879 134 1.1878388
881 134 1.8096548
883 134 1.3692018
887 134 1.9391998
889 135 1.6023828
891 136 1.1619298
894 135 1.8614728
896 136 1.5764738
898 136 1.4469288
901 137 1.2655658
903 136 1.6801098
905 137 1.7578368
908 138 1.6542008
910 138 1.5764738
912 139 1.4987468
915 139 1.2137478
917 139 1.9910178
919 140 1.6801098
922 140 1.6023828
924 140 1.2655658
926 140 1.9651088
930 141 1.6282918
932 140 1.1619298
934 141 1.8096548
937 142 1.3692018
939 142 1.1619298
941 144 1.4728378
944 143 1.1360208
946 144 0.3328418
949 144 0.1255698
951 145 0.4364778
953 144 0.2551148
956 145 0.8251128
958 144 0.9287488
960 145 0.6696588
963 146 0.7732948
965 146 0.3069328
967 147 0.2032968
970 147 0.2551148
973 148 0.0737518
975 148 0.1255698
978 148 0.0478428
980 149 0.0737518
982 149 0.0737518
985 149 0.0478428
987 149 0.0737518
