0 153 0.0219338
3 152 0.0478428
5 153 0.0737518
7 153 0.0219338
10 153 0.0219338
12 153 0.1514788
14 153 0.0219338
16 152 0.0737518
19 153 0.0737518
21 153 0.0737518
24 153 0.0996608
27 152 0.0478428
29 153 0.0737518
31 152 0.0996608
33 152 0.3846598
36 152 0.7992038
38 153 1.1360208
40 153 0.9546578
43 151 0.9805668
45 151 0.5401138
47 151 0.2292058
49 153 0.3328418
52 150 1.3432928
54 150 1.9132908
56 149 2.2241988
59 151 0.9546578
61 151 1.1619298
63 150 0.2810238
67 150 0.2032968
69 150 0.0737518
71 150 0.0478428
73 148 1.8873818
76 148 1.6542008
78 148 0.6955678
80 148 0.7732948
83 148 0.2810238
85 147 0.1514788
87 147 0.0478428
89 146 0.0737518
92 145 0.9805668
94 144 1.4987468
96 144 1.1619298
99 145 0.0737518
101 144 0.0478428
103 144 0.0737518
106 144 0.1255698
109 143 0.1255698
111 142 0.1255698
113 141 1.3432928
116 141 1.0064758
118 141 0.0737518
120 141 0.0478428
123 140 0.0737518
125 140 0.0478428
127 138 0.1514788
129 138 0.3069328
132 137 0.6437498
134 136 0.9287488
136 138 0.0478428
139 136 0.2810238
141 135 0.2032968
143 134 0.1255698
145 134 0.3328418
148 134 0.7473858
150 134 0.3328418
153 132 1.1360208
156 132 1.1619298
158 132 0.0996608
160 132 0.0737518
162 132 0.0737518
165 131 0.0478428
167 130 0.1255698
169 131 0.2032968
172 130 0.6696588
174 128 1.1101118
176 129 0.0996608
179 129 0.0478428
181 129 0.0996608
183 129 0.0478428
185 128 0.0737518
188 127 0.0478428
190 127 0.0737518
192 126 1.1360208
196 126 1.3173838
198 126 0.0737518
200 125 0.0737518
202 125 0.0737518
205 125 0.0478428
207 124 0.2032968
209 123 0.2292058
212 121 1.0582938
214 120 1.3951108
216 121 0.4623868
218 121 0.9546578
221 120 0.1255698
223 119 0.2032968
225 120 0.3069328
228 119 0.7473858
230 119 0.1773878
232 117 2.0946538
234 117 1.6801098
238 118 0.0478428
240 118 0.0737518
242 117 0.0737518
245 117 0.0996608
247 116 0.0737518
249 116 0.0478428
252 115 1.3173838
254 115 1.0323848
256 115 0.0996608
258 115 0.0737518
261 115 0.0478428
263 114 0.0737518
265 114 0.0737518
268 113 0.0737518
270 113 0.0737518
272 111 1.3173838
274 110 1.3432928
277 111 0.0737518
280 110 0.0478428
282 108 0.3328418
285 109 0.8251128
287 109 0.6696588
289 108 1.0064758
291 106 1.3692018
294 105 1.1878388
296 107 0.4364778
298 106 1.1101118
301 104 0.1773878
303 103 0.1773878
305 104 1.4728378
307 101 2.7682878
310 106 -1.3771522
312 103 1.2655658
314 102 1.1619298
317 102 0.5919318
319 102 0.5401138
322 102 0.1255698
325 101 0.0737518
327 101 0.3846598
329 101 0.6437498
331 99 1.7837458
334 98 2.2501078
336 100 0.4882958
338 100 0.1773878
341 100 0.2032968
343 100 0.1514788
345 100 0.2292058
347 100 0.5919318
350 99 1.2137478
352 98 1.6282918
354 97 1.6023828
357 98 0.9805668
359 97 0.3069328
361 97 0.0996608
363 96 0.0737518
367 95 0.0737518
369 95 0.0737518
371 95 0.3846598
374 94 0.7732948
376 92 1.2655658
378 91 1.7319278
380 92 0.2032968
383 92 0.4623868
385 91 0.2292058
387 89 0.1773878
390 89 0.5401138
392 90 1.5246558
394 91 -1.0403352
397 89 1.2655658
399 88 1.5764738
401 89 0.0737518
403 89 0.0478428
406 89 0.0996608
409 89 0.0737518
411 88 0.0737518
414 88 0.0737518
416 86 1.7578368
418 85 1.5764738
420 86 0.0737518
423 85 0.0737518
425 84 0.2810238
427 84 0.7214768
430 83 1.2914748
432 82 0.5919318
434 84 -0.3407922
436 81 1.2137478
439 81 1.7060188
441 82 0.1773878
443 82 0.2292058
446 82 0.0737518
448 82 0.0996608
451 81 0.0478428
454 81 0.0996608
456 79 1.7578368
458 78 1.8096548
460 80 0.0737518
463 79 0.0219338
465 79 -0.0039752
467 78 0.0737518
470 78 0.0737518
472 78 0.0478428
474 77 0.6696588
476 74 1.2137478
479 74 1.2396568
481 74 0.4623868
483 73 0.4364778
486 74 0.3587508
488 74 0.5401138
490 74 0.0996608
493 73 0.1514788
496 71 2.1723808
498 70 1.8096548
500 72 0.0478428
503 72 0.0737518
505 71 0.2032968
507 71 0.0737518
509 71 0.0478428
512 70 0.0996608
514 69 0.6955678
516 68 1.8614728
519 67 1.2137478
521 68 0.1255698
523 68 0.0478428
526 67 0.0478428
528 67 0.0737518
530 67 0.0478428
532 66 0.0737518
536 64 1.3173838
538 63 1.4210198
540 65 0.2292058
543 64 0.4105688
545 64 0.0478428
547 64 0.0996608
549 63 0.0737518
552 63 0.0478428
554 61 1.1101118
556 61 1.4210198
559 61 0.1514788
561 61 0.0737518
563 60 0.0996608
565 60 0.6955678
568 59 0.7473858
570 59 0.0478428
572 59 0.1255698
575 57 1.7319278
578 57 1.5505648
580 57 0.0737518
582 56 0.1255698
585 55 1.4469288
587 55 1.0064758
589 53 0.4364778
592 53 0.8251128
594 53 0.7473858
596 53 1.1101118
599 53 0.1255698
601 51 0.1773878
603 52 0.3846598
605 51 0.4105688
608 51 0.4623868
610 51 0.0737518
612 51 0.1514788
615 49 1.6023828
617 49 1.9132908
619 50 0.3846598
622 50 0.3069328
625 50 0.2551148
627 50 0.3587508
629 50 0.2292058
632 49 0.1255698
634 48 1.3432928
636 48 1.4469288
638 48 0.5401138
641 47 0.1773878
643 47 0.0996608
645 47 0.0478428
648 46 0.0737518
650 46 0.0737518
652 45 0.0478428
654 43 1.4987468
657 43 1.4210198
659 43 0.0478428
661 43 0.0996608
665 42 0.3587508
667 42 0.1255698
669 42 0.0478428
672 41 0.0737518
674 40 1.4469288
676 39 1.5505648
678 40 0.1773878
681 40 0.0478428
683 39 0.0737518
685 39 0.0478428
688 38 0.0478428
690 38 0.0737518
692 37 0.1514788
694 35 1.0064758
697 34 1.2396568
699 35 0.6696588
701 34 1.0323848
704 34 1.4210198
707 32 0.6437498
709 33 0.5142048
711 33 0.9287488
714 31 0.8251128
716 31 1.6282918
718 32 0.0219338
721 31 0.0737518
723 31 0.0478428
725 31 0.0478428
728 31 0.0737518
730 30 0.0737518
732 29 0.3587508
734 28 1.3432928
737 27 1.3692018
739 28 0.1514788
741 27 0.1255698
744 27 0.0996608
746 27 0.0737518
749 26 0.0478428
751 26 0.0737518
754 24 1.3432928
756 24 1.3692018
758 25 0.0478428
761 24 0.0737518
763 24 0.0478428
765 24 0.0737518
767 23 0.0478428
770 23 0.0219338
772 23 0.6437498
774 21 1.1619298
777 20 1.0842028
779 21 0.0478428
781 20 0.0478428
783 19 0.4105688
786 19 0.8769308
788 19 0.7473858
790 18 0.1773878
794 16 1.3692018
796 16 1.3432928
798 17 0.7732948
800 15 0.3328418
803 14 0.2810238
805 15 0.3587508
807 15 0.1773878
810 15 0.2032968
812 14 0.4364778
814 13 1.5505648
817 13 1.1619298
819 14 0.1255698
821 13 0.1255698
823 13 0.0737518
826 13 0.0737518
828 13 0.0478428
830 12 0.0737518
834 11 1.4210198
836 11 1.2655658
838 12 0.2292058
840 12 0.0737518
843 11 0.2292058
845 10 0.1773878
847 10 0.0996608
850 10 0.0478428
852 8 0.8251128
854 8 1.1619298
856 7 0.4105688
859 8 0.0996608
861 8 0.0737518
863 7 0.0478428
866 6 0.0996608
868 5 0.0996608
870 5 0.1773878
873 4 1.2137478
875 4 1.1619298
878 4 0.0737518
880 4 0.0996608
883 3 0.0737518
885 2 0.0478428
887 1 0.2810238
890 0 0.7214768
892 1 0.1773878
894 0 0.4105688
