0 -2 0.1773878
3 -2 0.0737518
5 -2 0.1514788
7 -2 0.0737518
10 -2 0.0737518
12 -2 0.1514788
14 -2 0.0996608
17 -2 0.1255698
19 -2 0.0737518
21 -2 0.1514788
24 -2 0.5660228
26 -5 3.0532868
29 -5 2.8201058
31 -4 2.8978328
34 -4 2.4832888
37 -4 1.8096548
39 -3 1.5246558
41 -3 1.7319278
44 -3 1.9391998
46 -3 2.2241988
48 -2 1.3432928
51 -2 1.9391998
53 -1 1.4210198
55 -2 2.0946538
58 -1 1.7319278
60 -1 1.5505648
62 0 1.2655658
65 0 1.1360208
67 0 1.1360208
69 0 1.0842028
72 0 1.1878388
74 1 1.2914748
77 2 1.3951108
80 2 1.5505648
82 4 1.0323848
84 4 1.2914748
87 4 1.0323848
89 5 1.2396568
91 5 1.0582938
94 6 0.9028398
96 7 0.7732948
98 7 0.6437498
101 7 0.7732948
103 8 0.6696588
105 9 0.6437498
108 10 0.6696588
110 10 0.7473858
112 11 0.7214768
115 12 0.8251128
117 12 0.8251128
120 13 0.7214768
123 14 0.6178408
125 14 0.7214768
127 15 0.7732948
130 15 0.8510218
132 16 0.5660228
134 17 0.4882958
137 18 0.7732948
139 19 0.7473858
141 20 0.7473858
144 21 0.5660228
146 21 0.7214768
148 22 0.7473858
151 23 0.5142048
153 23 0.6437498
155 24 0.6696588
158 24 0.5660228
160 25 0.5401138
163 25 0.4623868
166 27 0.6437498
168 28 0.5142048
171 28 0.5401138
173 29 0.6178408
175 31 0.5660228
178 31 0.5919318
180 32 0.4882958
182 33 0.3587508
185 34 0.4882958
187 35 0.4105688
189 35 0.4882958
192 36 0.4105688
194 37 0.5660228
196 38 0.5142048
199 39 0.6696588
201 40 0.4623868
203 40 0.4364778
207 41 0.5660228
209 42 0.3069328
211 42 0.5919318
214 43 0.2551148
216 43 0.5660228
218 44 0.4364778
221 45 0.5919318
223 46 0.4623868
225 47 0.6178408
228 48 0.4623868
230 49 0.5401138
232 50 0.5142048
235 50 0.5142048
237 51 0.4882958
239 51 0.3069328
242 53 0.4364778
244 53 0.3846598
247 55 0.5660228
250 55 0.4882958
252 56 0.5660228
254 58 0.4105688
257 59 0.3328418
259 59 0.5401138
261 60 0.4623868
264 59 0.5919318
266 61 0.3587508
268 61 0.5919318
271 63 0.5142048
273 63 0.3328418
275 64 0.5919318
278 65 0.2810238
280 66 0.5660228
282 67 0.4105688
285 68 0.5660228
287 69 0.4623868
290 70 0.4364778
293 71 0.4364778
295 71 0.3587508
297 71 0.5401138
300 72 0.4882958
302 74 0.4623868
305 74 0.4882958
307 75 0.3587508
309 75 0.5401138
312 76 0.4623868
314 78 0.2810238
316 78 0.4882958
319 79 0.3846598
321 80 0.5401138
323 81 0.4623868
326 82 0.5919318
328 83 0.4882958
330 83 0.4105688
334 83 0.4882958
336 85 0.4623868
338 86 0.5660228
341 87 0.4105688
343 88 0.4882958
345 88 0.4623868
348 89 0.3587508
350 90 0.5919318
352 90 0.3328418
355 92 0.4364778
357 93 0.4364778
359 93 0.5660228
362 94 0.4623868
364 95 0.4105688
366 96 0.4364778
369 98 0.3069328
371 98 0.5919318
373 99 0.4623868
377 100 0.5919318
379 100 0.4105688
381 100 0.4882958
384 102 0.5401138
386 103 0.3846598
388 104 0.5401138
391 104 0.2810238
393 105 0.5660228
395 106 0.4623868
398 106 0.5660228
400 108 0.5401138
402 108 0.4105688
405 109 0.4882958
407 110 0.3587508
409 111 0.5660228
412 113 0.4105688
414 113 0.6178408
416 114 0.4364778
420 115 0.3587508
422 115 0.5660228
424 116 0.4364778
427 117 0.5142048
429 118 0.4882958
431 118 0.4105688
434 119 0.5142048
436 119 0.4623868
439 120 0.6178408
441 121 0.4105688
443 121 0.4105688
446 122 0.5401138
448 123 0.3846598
450 124 0.5919318
453 125 0.4364778
455 126 0.5401138
457 127 0.4882958
461 127 0.3328418
463 127 0.5919318
465 128 0.3587508
468 129 0.4882958
470 130 0.4105688
472 130 0.5919318
475 131 0.4623868
477 132 0.5919318
479 133 0.3846598
482 133 0.3846598
484 134 0.5660228
486 135 0.3328418
489 136 0.5142048
491 136 0.3069328
493 137 0.5142048
496 138 0.5401138
498 139 0.4105688
500 140 0.5401138
504 141 0.0478428
506 141 0.0737518
508 142 0.0996608
511 142 0.0737518
513 143 0.0996608
515 144 0.0996608
518 145 0.0478428
520 145 0.0478428
522 146 0.0219338
525 146 0.0996608
527 147 0.0996608
529 148 0.0478428
532 148 0.8251128
534 148 0.4623868
536 149 0.8510218
539 150 0.7732948
541 150 1.4728378
543 151 1.1878388
547 150 0.5142048
549 152 1.2655658
551 151 1.4728378
554 151 2.1464718
556 152 2.3019258
558 151 2.3019258
561 151 1.8614728
563 152 1.4728378
566 152 1.1101118
568 153 0.3587508
570 154 0.1514788
573 154 0.0996608
575 154 0.0478428
577 154 0.0478428
580 153 0.0737518
582 153 0.0478428
584 153 0.0737518
587 153 0.0478428
590 153 0.0737518
592 153 0.0737518
595 153 0.0996608
597 152 0.1773878
599 153 0.4105688
602 152 0.4364778
604 151 0.1514788
606 152 0.2292058
609 152 0.1514788
611 153 0.0737518
613 153 0.0737518
616 153 0.0478428
618 153 0.0737518
620 153 0.0478428
623 153 0.1773878
625 153 0.0737518
