0 -2 0.1773878
3 -2 0.0478428
5 -2 0.1255698
7 -2 0.0737518
10 -2 0.1514788
12 -2 0.2292058
14 -2 0.0996608
17 -2 0.1514788
19 -2 0.0996608
21 -2 0.1255698
24 -3 1.2396568
26 -5 2.9496508
29 -5 2.9237418
31 -4 2.5351068
34 -5 2.8201058
37 -4 2.3796528
39 -3 1.5764738
41 -4 2.7164698
44 -4 2.6646518
46 -4 2.5869248
48 -4 2.5351068
51 -4 2.5869248
53 -4 2.5869248
55 -2 1.4469288
58 -2 1.8096548
60 -2 2.1205628
62 -2 2.4314708
65 -2 1.3173838
67 -2 1.7578368
69 -2 2.0687448
72 -2 2.4314708
74 -1 1.5505648
77 -1 2.0428358
80 -1 2.5351068
82 0 1.8355638
84 -1 2.3537438
87 0 1.7319278
89 0 2.3796528
91 0 1.8096548
94 1 1.4210198
96 1 1.8355638
98 2 1.8614728
101 3 1.6542008
103 3 1.5505648
105 4 1.4987468
108 4 1.4469288
110 4 1.4728378
112 5 1.5246558
115 5 1.3173838
117 6 1.1878388
120 6 1.3173838
123 7 0.9546578
125 7 1.1878388
127 7 1.1360208
130 8 1.1619298
132 8 0.9028398
134 9 1.1878388
137 10 0.8769308
139 11 1.1619298
141 11 1.1101118
144 11 1.2396568
146 12 1.3951108
148 12 1.1619298
151 12 1.3432928
153 14 1.0842028
155 14 1.3173838
158 14 1.0064758
160 15 1.2655658
163 15 1.0064758
166 16 1.2655658
168 17 1.0064758
170 17 1.2655658
173 19 1.0064758
175 19 1.3432928
177 20 1.1360208
180 20 0.9028398
182 20 1.1878388
185 21 0.9287488
187 22 1.2914748
189 23 1.0323848
192 23 0.9028398
194 23 0.6178408
196 23 1.1101118
199 24 1.0323848
201 24 0.9546578
203 25 0.8251128
207 26 0.7473858
209 27 1.0842028
211 28 1.0323848
214 28 0.9546578
216 29 0.8510218
218 30 0.7992038
221 30 0.8769308
223 31 1.0582938
225 31 1.0064758
228 32 0.9546578
230 33 0.9028398
232 34 0.8251128
235 34 0.7473858
237 35 1.0582938
239 35 1.0323848
242 36 0.9805668
244 37 0.9546578
247 38 0.9028398
250 39 0.7992038
252 39 0.6696588
254 40 1.0582938
257 40 1.0064758
259 41 0.9805668
261 41 0.9028398
264 42 0.8769308
266 42 0.8251128
268 42 0.8251128
271 43 0.7732948
273 44 0.7214768
275 44 0.7214768
278 46 0.9546578
280 46 0.9805668
282 47 1.0323848
285 48 1.0582938
287 49 1.0064758
290 49 0.9805668
293 50 0.9546578
295 50 0.9028398
297 51 0.9287488
300 51 0.8510218
302 53 0.8510218
304 53 0.7992038
307 54 0.7473858
309 55 0.6955678
311 55 0.7732948
314 56 1.0582938
316 57 1.0064758
318 58 1.0064758
321 58 0.9546578
323 59 0.8769308
325 59 0.7992038
328 59 0.7732948
330 60 0.6955678
334 61 0.8251128
336 62 1.0323848
338 63 1.0064758
341 63 0.9028398
343 64 0.9287488
345 64 0.8769308
348 65 0.8510218
350 66 0.8251128
352 67 0.7732948
355 68 0.7214768
357 68 0.7214768
359 69 0.6696588
362 70 0.7214768
364 70 0.6437498
366 71 0.6437498
369 71 0.6437498
371 72 0.6955678
373 73 0.6696588
377 73 0.8510218
379 74 1.0582938
381 74 1.0323848
384 74 1.0064758
386 75 0.9805668
388 77 0.9805668
391 78 0.9805668
393 78 0.9028398
395 79 0.8769308
398 80 0.7992038
400 81 0.7992038
402 81 0.6696588
405 82 1.0842028
407 82 1.0323848
409 83 0.9546578
412 83 0.9287488
414 84 0.8510218
416 85 0.8251128
420 86 0.7473858
422 87 0.6955678
424 87 0.6696588
427 88 0.9546578
429 88 1.0582938
431 89 1.0323848
434 89 0.9546578
436 90 1.0064758
438 91 0.9546578
441 92 0.9546578
443 93 0.9287488
445 93 0.9287488
448 94 0.8251128
450 95 0.7732948
452 95 0.7473858
455 96 0.6955678
457 97 1.1101118
459 98 1.0323848
463 98 0.9805668
465 99 1.0064758
467 100 0.8769308
470 100 0.8769308
472 101 0.6955678
474 101 1.1101118
477 102 1.1101118
479 103 1.0323848
482 104 0.8769308
484 104 0.7473858
486 104 0.7732948
489 106 1.0582938
491 106 1.0323848
493 106 0.9805668
496 107 0.9546578
498 108 0.8769308
500 109 0.8510218
504 109 0.8510218
506 110 0.7732948
508 111 0.7473858
511 112 0.6696588
513 112 0.7214768
515 113 0.9805668
518 113 1.0064758
520 114 1.0064758
522 115 0.9805668
525 115 1.0064758
527 116 0.9546578
529 117 0.9028398
532 117 0.8769308
534 118 0.9028398
536 119 0.7992038
539 119 0.7992038
541 120 0.6696588
543 120 0.9287488
547 121 1.0323848
549 121 1.0064758
551 121 0.9805668
554 122 0.9028398
556 123 0.8510218
558 124 0.7732948
561 124 0.6955678
563 125 1.0842028
565 126 1.0323848
568 126 0.9546578
570 127 0.8510218
572 127 0.7732948
575 127 1.1878388
577 128 1.0582938
579 128 1.0323848
582 129 0.8510218
584 130 0.8510218
586 130 0.6437498
590 130 0.9287488
592 131 1.0323848
594 132 1.0323848
597 133 0.9805668
599 134 0.9028398
601 134 0.8251128
604 134 0.7473858
606 135 0.8769308
608 136 1.0582938
611 136 1.0323848
613 137 0.9546578
615 138 0.9028398
618 139 0.8510218
620 139 0.7732948
623 140 0.2292058
625 141 0.4364778
627 141 0.2292058
631 142 0.4105688
633 142 0.1773878
635 142 0.3846598
638 143 0.3587508
640 144 0.2810238
642 145 0.0478428
645 145 0.0737518
647 145 0.0996608
649 146 0.0737518
652 146 0.0737518
654 147 0.1514788
656 147 0.0219338
659 148 0.0737518
661 148 0.0996608
663 149 0.0737518
666 149 0.2810238
668 149 0.0737518
670 150 0.1773878
674 150 0.0996608
676 150 0.2032968
678 150 0.1773878
681 151 0.0996608
683 151 0.3069328
685 151 -0.3667012
688 151 0.0478428
690 152 0.0478428
692 152 0.4623868
695 151 0.2292058
697 152 0.4882958
699 152 0.0996608
702 153 0.2032968
704 152 0.0737518
706 153 0.1514788
709 153 0.0996608
711 153 0.0219338
713 153 0.0737518
717 153 0.1255698
