0 153 0.0996608
8 153 0.0737518
17 153 0.0996608
25 153 0.0478428
33 153 0.1255698
41 153 0.0737518
50 153 0.1255698
59 152 0.1255698
67 152 0.0478428
75 152 0.0478428
83 151 0.0737518
91 150 0.0996608
100 150 0.2032968
109 150 0.2292058
117 150 0.0737518
125 149 0.0737518
133 149 0.0737518
142 148 0.0478428
150 147 0.1773878
159 146 0.8769308
167 145 0.0737518
175 144 0.4105688
184 145 0.1773878
192 145 0.0478428
200 145 0.0737518
208 144 0.1255698
217 145 0.2292058
226 145 0.2032968
234 144 0.0996608
242 144 0.0737518
250 143 0.4105688
258 142 0.5919318
267 141 0.0996608
276 140 0.0996608
284 140 0.2551148
292 140 0.1514788
300 140 -0.1594292
309 139 0.0737518
317 139 0.0737518
326 139 0.0737518
334 139 0.0996608
342 138 0.0996608
351 137 0.2032968
359 136 0.1255698
367 136 0.1514788
375 135 0.3069328
384 135 0.0996608
392 135 0.0478428
401 135 0.0737518
409 135 0.1773878
417 135 0.0478428
425 134 0.0996608
434 134 0.2032968
443 134 0.0478428
451 133 0.0996608
459 131 0.0996608
467 131 0.2032968
475 130 0.1514788
484 130 -0.2371562
493 130 0.0737518
501 130 0.1255698
509 130 0.1514788
517 130 0.0478428
526 129 0.0996608
534 129 0.0996608
542 128 0.0996608
551 128 0.0478428
559 127 0.2810238
568 127 0.2810238
576 126 0.0737518
584 125 0.0737518
592 125 0.0737518
601 124 0.0996608
610 123 0.3846598
618 122 1.5505648
626 122 0.0478428
634 121 0.1255698
642 122 0.1773878
651 121 0.0478428
660 121 0.0996608
668 122 0.0478428
676 121 0.0737518
684 121 0.0996608
693 121 0.2810238
701 121 0.0478428
709 120 0.1255698
718 120 0.0737518
726 119 0.1514788
735 119 0.0737518
743 118 0.0996608
751 117 0.1514788
759 117 0.2032968
767 116 0.0478428
776 116 0.1514788
785 115 0.0478428
793 115 0.0478428
801 115 0.0478428
809 114 0.0996608
817 114 0.0737518
827 113 0.0219338
835 113 0.0996608
843 113 0.1514788
851 113 0.4623868
859 112 0.0478428
868 111 0.0996608
876 109 0.0996608
885 108 0.4364778
893 109 0.0737518
901 109 0.0737518
910 109 0.0996608
918 109 0.0996608
926 108 0.0478428
935 108 0.0478428
943 108 0.1773878
952 108 0.0737518
960 106 0.1514788
968 107 0.4105688
976 106 0.0219338
984 104 0.8769308
994 103 0.2810238
1002 104 0.1514788
1010 104 0.0996608
1018 104 0.0996608
1026 104 0.1514788
1035 104 0.0996608
1043 104 0.1514788
1052 103 0.0737518
1060 102 0.2810238
1068 101 0.2810238
1077 100 0.0996608
1085 100 0.2292058
1093 100 0.0737518
1101 100 0.0737518
1110 99 0.1255698
1119 99 0.0219338
1127 98 0.1255698
1135 98 0.0996608
1143 98 0.0478428
1151 96 0.4623868
1160 94 0.3587508
1169 95 0.0996608
1177 95 0.0737518
1185 95 0.1255698
1193 95 0.1514788
1201 95 0.0737518
1210 95 0.1514788
1219 94 0.0737518
1227 93 0.1514788
1235 93 0.1255698
1243 91 0.1514788
1252 91 0.2810238
1260 90 1.1360208
1268 90 0.0219338
1277 90 0.0996608
1285 90 0.0996608
1294 90 0.0737518
1302 90 0.0996608
1310 90 0.1773878
1318 90 0.0996608
1327 89 0.1773878
1336 89 0.1773878
1344 88 0.0478428
1352 87 0.0478428
1360 85 0.2810238
1368 85 0.0478428
1377 85 0.9805668
1386 84 0.0478428
1394 84 0.0996608
1402 84 0.0478428
1410 84 0.0737518
1419 84 0.0737518
1427 84 0.0996608
1435 83 0.1255698
1444 84 0.1255698
1452 83 0.5401138
1461 82 0.0996608
1469 82 0.1514788
1477 81 0.0996608
1485 80 0.9028398
1494 80 0.1773878
1503 78 0.0737518
1511 78 0.0219338
1519 78 0.0737518
1527 78 0.0478428
1535 78 0.0737518
1543 77 0.1514788
1553 76 0.1514788
1561 74 0.2292058
1569 75 0.1255698
1577 75 0.1255698
1585 75 0.0996608
1594 75 0.0737518
1602 75 0.0737518
1611 75 0.2551148
1619 75 0.2292058
1627 74 0.0996608
1636 74 0.0737518
1644 74 0.0996608
1652 73 0.3069328
1661 71 1.3951108
1669 71 0.1255698
1678 71 -0.2630652
1686 71 0.0996608
1694 70 0.0478428
1702 70 0.0737518
1710 69 0.0737518
1720 69 0.0996608
1728 69 0.2032968
1736 68 0.1773878
1744 67 0.1255698
1752 65 0.2292058
1761 64 0.5401138
1769 65 0.0737518
1778 65 0.0996608
1786 65 0.0737518
1794 66 0.3069328
1803 65 0.1514788
1811 65 0.3328418
1819 65 0.0996608
1828 64 0.2551148
1836 64 0.1255698
1845 63 0.0737518
1853 61 0.6955678
1861 60 0.6437498
1869 60 0.0737518
1877 60 0.0996608
1887 60 0.0737518
1895 60 0.0478428
1903 60 0.0219338
1911 60 0.0478428
1919 59 0.0737518
1927 59 0.5919318
1936 59 0.0478428
1945 59 0.0219338
1953 55 0.1514788
1961 55 0.6437498
1969 55 0.0737518
1978 55 0.2032968
1986 55 0.0737518
1994 55 0.0478428
2003 55 0.0737518
2011 55 0.2551148
2020 54 0.0996608
2028 53 0.1773878
2036 53 0.0219338
2044 52 0.0996608
2053 51 0.4105688
2062 51 0.1255698
2070 51 0.0996608
2078 50 0.0219338
2086 50 0.0737518
2094 50 0.0737518
2103 50 0.0996608
2112 49 0.0737518
2120 48 0.0737518
2128 47 0.3846598
2136 47 0.5401138
2145 46 0.0219338
2153 46 0.0737518
2161 46 0.2032968
2170 45 0.0737518
2178 45 0.0737518
2187 45 0.1255698
2195 45 0.0737518
2203 44 0.0478428
2211 44 0.0737518
2220 42 0.5401138
2229 42 0.2292058
2237 42 0.0996608
2245 42 0.0478428
2253 42 0.0996608
2261 42 0.0996608
2269 42 0.3328418
2279 42 0.1255698
2287 42 0.0219338
2295 41 0.0737518
2303 40 0.0478428
2311 39 0.2032968
2320 38 0.2551148
2328 36 0.1255698
2337 36 0.7214768
2345 36 0.4623868
2353 36 0.0478428
2362 36 0.0737518
2370 36 0.0996608
2378 36 0.0219338
2387 36 0.0737518
2395 35 0.1773878
2404 34 0.0737518
2412 34 0.4364778
2420 34 0.0478428
2428 33 0.0737518
2436 32 0.0996608
2446 32 0.0737518
2454 32 0.0737518
2462 31 0.0996608
2470 31 0.0996608
2478 31 0.0478428
2487 30 0.0996608
2495 28 0.3587508
2504 29 0.2032968
2512 28 0.0737518
2520 28 0.0737518
2529 28 0.1514788
2537 28 0.0996608
2545 28 0.0737518
2554 27 0.0737518
2562 27 0.1514788
2571 26 0.3587508
2579 25 0.4364778
2587 26 -0.2630652
2595 25 0.1514788
2603 24 0.1773878
2613 24 0.0219338
2621 24 0.0478428
2629 23 0.0737518
2637 23 0.0996608
2645 23 0.0737518
2653 23 0.0996608
2662 22 0.0478428
2671 21 0.3328418
2679 20 0.2292058
2687 20 0.0737518
2695 19 0.1255698
2704 18 0.1255698
2712 18 0.2292058
2720 18 0.0737518
2729 18 0.0737518
2737 17 0.0737518
2746 17 0.2032968
2754 17 0.0996608
2762 16 0.0219338
2770 16 0.2032968
2779 16 0.0478428
2788 15 0.2292058
2796 14 0.1255698
2804 14 0.1514788
2812 13 0.1255698
2820 13 0.0996608
2829 13 0.0996608
2838 12 0.0996608
2846 12 0.0996608
2854 12 0.0478428
2862 12 0.0219338
2871 11 0.2032968
2879 10 0.1773878
2887 10 0.1255698
2896 9 0.0737518
2904 9 0.0996608
2913 9 0.0478428
2921 8 0.0737518
2929 8 0.2032968
2937 8 0.0996608
2946 7 0.0737518
2955 6 0.0737518
2963 6 0.1255698
2971 6 0.2292058
2979 5 0.1255698
2987 5 0.0737518
2995 5 0.0996608
3005 5 0.0737518
3013 4 0.3328418
3021 4 0.0737518
3029 3 0.0478428
3037 2 0.1255698
3046 1 0.2292058
3054 1 0.1255698
3063 0 0.2810238
3071 0 0.1255698
3079 0 0.0478428
3088 0 0.0478428
3096 0 0.0996608
3104 0 0.0737518
3113 0 0.1514788
