0 -2 0.0478428
3 -2 0.0478428
5 -2 0.0219338
7 -2 0.0478428
10 -2 0.0219338
12 -2 0.0478428
14 -2 0.0478428
17 -2 0.0478428
19 -2 0.0737518
21 -2 0.0219338
24 -2 0.8510218
26 -4 3.0273778
28 -4 2.9237418
31 -4 2.4055618
34 -4 2.8460148
36 -4 2.8460148
39 -4 2.7423788
41 -4 1.4469288
44 -3 1.8355638
46 -3 2.1464718
48 -2 1.5246558
51 -2 2.1205628
53 -2 1.7060188
55 -1 1.4210198
58 -2 1.7578368
60 -1 1.9132908
62 0 1.8096548
65 0 1.8614728
67 0 1.0842028
69 0 1.1878388
72 1 1.2914748
74 2 1.5505648
77 3 1.1101118
80 3 1.2914748
82 4 1.1101118
84 5 0.8769308
87 5 1.1619298
89 5 1.0323848
91 6 0.9805668
94 7 0.9287488
96 7 0.9028398
98 8 0.8769308
101 8 0.8769308
103 9 0.6178408
105 10 0.6178408
108 11 0.7473858
110 11 0.7992038
112 12 0.4623868
115 13 0.6178408
117 13 0.6696588
120 14 0.7992038
123 15 0.5919318
125 15 0.6696588
127 16 0.7473858
130 17 0.5401138
132 18 0.6696588
134 19 0.7473858
137 20 0.5919318
139 20 0.6178408
141 21 0.4364778
144 22 0.6178408
146 23 0.4364778
148 24 0.5660228
151 24 0.3069328
153 24 0.5919318
155 25 0.3846598
158 26 0.5401138
160 27 0.4105688
163 28 0.5401138
166 29 0.5142048
168 30 0.4105688
170 31 0.4882958
173 31 0.4364778
175 32 0.2810238
177 33 0.5142048
180 34 0.4623868
182 34 0.4105688
184 35 0.5142048
187 37 0.3846598
189 38 0.2551148
191 39 0.5142048
194 39 0.4623868
196 40 0.3069328
198 41 0.4623868
201 42 0.4105688
203 42 0.3587508
206 42 0.5142048
209 43 0.4105688
211 44 0.3587508
213 45 0.4364778
216 46 0.4623868
218 47 0.2551148
221 48 0.4882958
223 49 0.4364778
225 50 0.3846598
228 51 0.4882958
230 51 0.4105688
232 52 0.2551148
235 53 0.3328418
237 54 0.4882958
239 55 0.3328418
242 56 0.3587508
244 57 0.4364778
247 58 0.4623868
250 59 0.2032968
252 59 0.5142048
254 60 0.4105688
257 61 0.3328418
259 61 0.4882958
261 63 0.3587508
264 63 0.3069328
266 64 0.5142048
268 65 0.4882958
271 66 0.3069328
273 67 0.4364778
275 68 0.3587508
278 69 0.2810238
280 70 0.4882958
282 71 0.4105688
285 71 0.3328418
287 71 0.4364778
290 73 0.4364778
293 74 0.2551148
295 74 0.4623868
297 75 0.5142048
300 75 0.4105688
302 77 0.2292058
304 78 0.3846598
307 79 0.3069328
309 79 0.2551148
311 80 0.4882958
314 82 0.3587508
316 82 0.3328418
318 83 0.4623868
321 83 0.4105688
323 84 0.3069328
325 86 0.4623868
328 87 0.4105688
330 88 0.4364778
333 88 0.5142048
336 89 0.2551148
338 89 0.5142048
340 90 0.4882958
343 92 0.3587508
345 93 0.5401138
347 93 0.3328418
350 95 0.2551148
352 95 0.5401138
354 96 0.4882958
357 97 0.3069328
359 98 0.4623868
362 99 0.4105688
364 100 0.3587508
366 100 0.4623868
369 101 0.4105688
371 102 0.3328418
373 103 0.5660228
377 104 0.4364778
379 104 0.1514788
381 105 0.4364778
384 106 0.4364778
386 106 0.4364778
388 108 0.4623868
391 109 0.2810238
393 109 0.4623868
395 110 0.4882958
398 111 0.3846598
400 113 0.3069328
402 113 0.4105688
405 114 0.3328418
407 115 0.3069328
409 116 0.5142048
412 117 0.3846598
414 117 0.3069328
416 118 0.4623868
420 119 0.4364778
422 119 0.2810238
424 120 0.5142048
427 121 0.4623868
429 121 0.4364778
431 122 0.4882958
434 123 0.4623868
436 124 0.3328418
438 125 0.5660228
441 126 0.5142048
443 127 0.3328418
445 127 0.4623868
448 127 0.4882958
450 128 0.3587508
452 129 0.5660228
455 130 0.4623868
457 130 0.3587508
459 131 0.4882958
463 132 0.3846598
465 133 0.1514788
467 133 0.4882958
470 134 0.4623868
472 135 0.3846598
474 136 0.4882958
477 137 0.3587508
479 137 0.2292058
481 138 0.3328418
484 139 0.3846598
486 140 0.2551148
488 141 0.0737518
491 141 0.0737518
493 142 0.0737518
495 142 0.0478428
498 144 0.0478428
500 144 0.0737518
504 145 0.0478428
506 145 0.0478428
508 146 -0.0039752
511 147 0.0737518
513 147 0.0478428
515 148 0.0737518
518 147 0.2551148
520 149 0.7473858
522 148 0.6437498
525 150 2.3278348
527 149 0.8769308
529 152 1.2396568
532 150 2.0946538
534 150 1.5764738
536 151 2.8978328
539 151 3.0273778
541 152 2.1982898
543 151 2.4314708
547 154 1.6023828
549 152 0.8510218
551 153 0.7732948
554 154 0.6955678
556 153 0.3587508
558 154 0.2810238
561 153 0.1773878
563 154 0.2032968
565 153 0.0737518
568 153 0.0478428
570 153 0.0478428
572 153 0.1255698
575 153 0.2032968
577 152 0.0996608
579 152 0.4364778
582 151 0.4105688
584 152 1.2137478
586 152 0.2810238
590 152 0.2032968
592 152 0.2032968
594 152 0.1255698
597 152 0.0996608
599 152 0.0219338
601 153 0.0478428
604 153 0.0737518
606 153 0.0737518
608 153 0.0996608
611 153 0.1255698
613 153 0.4623868
615 153 0.2292058
618 153 0.7214768
620 153 0.1773878
622 153 0.3069328
625 154 0.0737518
627 154 0.1255698
629 153 0.0478428
633 153 0.0996608
635 153 0.0737518
637 153 0.0478428
640 153 0.0219338
642 152 0.1255698
644 152 0.3587508
647 151 0.5401138
649 152 1.3692018
651 151 0.1773878
654 152 0.4105688
656 152 0.2810238
658 152 0.2292058
661 152 0.2551148
663 152 0.0737518
665 152 0.2292058
668 152 0.3328418
670 151 0.0996608
674 152 0.2292058
676 152 0.0478428
678 152 0.1773878
681 152 0.0737518
