0 -2 0.1773878
2 -2 0.6437498
5 -2 0.2551148
7 -2 0.6955678
9 -2 0.1773878
12 -2 0.6437498
14 -2 0.2551148
16 -2 0.3587508
19 -4 2.7682878
22 -4 2.7682878
24 -4 2.2760168
27 -4 2.6646518
29 -4 2.6905608
31 -4 2.5351068
34 -3 1.8355638
36 -4 2.5869248
38 -4 2.5091978
41 -3 2.3537438
43 -3 2.2241988
45 -2 2.1205628
48 -2 2.0946538
50 -2 2.0687448
52 -2 2.0946538
55 -2 2.1205628
57 -2 2.1982898
59 -2 2.2501078
62 -2 2.3278348
65 -1 2.4055618
67 -1 2.4314708
70 -1 1.7837458
72 0 1.3692018
74 0 1.7578368
77 0 1.8873818
79 0 2.0428358
81 0 2.1982898
84 0 2.3796528
86 0 1.4728378
88 1 1.8096548
91 1 2.1464718
93 2 1.3951108
95 2 1.8614728
98 3 1.3432928
100 3 1.8873818
102 4 1.5764738
105 4 1.2655658
108 4 1.9651088
110 4 1.7060188
113 5 1.6023828
115 5 1.6023828
117 6 1.5505648
120 6 1.1619298
122 7 1.0064758
125 7 1.1878388
127 7 1.3173838
129 8 1.4210198
132 8 1.6023828
134 9 1.0323848
136 9 1.2137478
139 10 1.2914748
141 11 1.3692018
143 11 1.4210198
146 11 1.4987468
148 11 1.5246558
151 12 1.6023828
154 12 1.6023828
156 12 1.7060188
158 13 1.5505648
161 14 1.0323848
163 14 1.0582938
165 15 1.2396568
168 15 1.3432928
170 15 1.3692018
172 16 1.4987468
175 17 0.9805668
177 17 1.1619298
179 18 1.2914748
182 19 1.4210198
184 19 1.0064758
186 19 1.2396568
189 20 1.3692018
191 21 0.9546578
194 21 1.1878388
197 22 1.3432928
199 22 1.1101118
201 23 1.2914748
204 23 1.0064758
206 23 1.2396568
208 24 1.0064758
211 24 1.2396568
213 25 1.0064758
215 25 1.2396568
218 26 0.9805668
220 27 1.2655658
222 27 0.9546578
225 28 1.2137478
227 28 0.8510218
229 29 1.1619298
232 30 1.3951108
235 31 1.0842028
237 31 1.2914748
240 31 0.9546578
242 31 1.2137478
244 32 0.8510218
247 33 1.2137478
249 34 0.9287488
251 34 1.1878388
254 35 0.9287488
256 35 1.1878388
258 36 0.9287488
261 37 1.2137478
263 38 1.0064758
265 38 1.2396568
268 39 1.0582938
270 39 1.0582938
272 40 1.1101118
275 40 0.8769308
278 40 1.1619298
280 41 0.9546578
283 41 0.8769308
285 42 1.0842028
288 42 0.9546578
290 42 1.0323848
292 43 1.1101118
295 44 0.8769308
297 45 1.1878388
299 45 1.0582938
302 46 0.9546578
304 47 1.1619298
306 47 0.8769308
309 48 1.1619298
311 49 0.9805668
313 49 1.2137478
316 50 1.0323848
318 50 0.8769308
321 51 1.1360208
324 51 0.9287488
326 52 1.2655658
328 53 1.0323848
331 53 1.2914748
333 54 1.0582938
335 55 0.8510218
338 55 1.1360208
340 56 0.9287488
342 57 1.1878388
345 58 0.9287488
347 58 1.1878388
349 59 0.9805668
352 59 1.2137478
354 59 1.1101118
356 60 0.8510218
359 60 1.1360208
361 61 0.9546578
364 62 1.2914748
367 63 1.0582938
369 63 0.8510218
371 63 1.1619298
374 64 1.0323848
376 64 1.0842028
378 65 1.1360208
381 66 0.8510218
383 67 1.1360208
385 67 1.0064758
388 68 0.9028398
390 68 1.1101118
392 70 0.9546578
395 70 1.0582938
397 70 1.0582938
399 71 0.9287488
402 71 1.1878388
404 72 1.0323848
407 73 0.7992038
410 73 1.1101118
412 74 0.9546578
414 74 1.2137478
417 74 1.0064758
419 74 0.9546578
421 75 1.1360208
424 77 0.9028398
426 78 1.1878388
428 78 1.0064758
431 78 1.0064758
433 79 1.0842028
435 80 0.8769308
438 81 1.1619298
440 82 1.0064758
443 82 1.2914748
445 82 1.0842028
447 83 0.8251128
451 83 1.1360208
453 84 0.9028398
455 85 1.2137478
458 86 1.0323848
460 86 0.8251128
462 87 1.1360208
465 88 0.9805668
467 88 1.0064758
469 88 1.0842028
472 89 0.9028398
474 89 1.2396568
476 90 1.0582938
479 91 0.7992038
481 91 1.1360208
483 92 0.9028398
486 93 1.1878388
488 93 0.9546578
491 94 1.2396568
494 95 1.0582938
496 95 0.8251128
498 96 1.1360208
501 97 0.9028398
503 97 1.1878388
505 98 1.0323848
508 99 1.2914748
510 100 1.0582938
512 100 1.2396568
515 100 1.1619298
517 100 0.8251128
519 102 1.1360208
522 102 0.8510218
524 103 1.1878388
526 103 0.9028398
529 103 1.1878388
531 104 0.9287488
534 105 1.1878388
537 106 1.0064758
539 106 1.0064758
541 106 1.1101118
544 107 0.9546578
546 108 1.2137478
548 109 1.0842028
551 109 0.8510218
553 109 1.1360208
555 110 0.9287488
558 111 1.1878388
560 112 1.0842028
562 113 0.8510218
565 113 1.1878388
567 114 0.9546578
569 114 1.1878388
572 115 1.1101118
574 115 0.8769308
577 116 1.1619298
580 116 1.0323848
582 117 0.8510218
584 117 1.0842028
587 118 0.9546578
589 118 1.1878388
591 119 1.0064758
594 119 1.3173838
596 120 1.0582938
599 120 0.8510218
601 120 1.1619298
603 121 0.9287488
606 121 1.1619298
608 122 0.9805668
610 123 1.3173838
613 124 1.1360208
615 124 0.9028398
617 125 1.2137478
621 126 0.9546578
623 126 1.2137478
625 127 0.9287488
628 126 1.2137478
630 127 0.8769308
632 127 1.1878388
635 127 0.9287488
637 128 1.1101118
639 129 1.3432928
642 129 1.1101118
644 129 0.8510218
646 130 1.1101118
649 131 0.9028398
651 131 1.1619298
653 132 0.8769308
656 132 1.2137478
658 133 0.9805668
660 134 1.1878388
664 134 0.9287488
666 134 1.1619298
668 135 0.8769308
671 135 1.2137478
673 136 0.9028398
675 136 1.1878388
678 137 0.9546578
680 138 1.2396568
682 139 1.0582938
685 139 0.7473858
687 140 0.8769308
689 141 0.5660228
692 141 0.6437498
694 141 0.4364778
696 142 0.4364778
699 142 0.6696588
701 142 0.5401138
703 144 0.7732948
707 144 0.5142048
709 145 0.6696588
711 145 0.0996608
714 145 0.0737518
716 146 0.0737518
718 146 0.0996608
721 146 0.3328418
723 147 0.2032968
725 147 0.0996608
728 148 0.0478428
730 148 0.0478428
732 149 0.0478428
735 149 0.0737518
737 149 0.0737518
739 150 0.0478428
742 150 0.0219338
744 150 0.3069328
748 150 0.2810238
750 150 0.1514788
752 151 0.1255698
755 151 0.0478428
757 152 0.0737518
759 152 0.2810238
762 152 0.4105688
764 152 0.5660228
766 151 0.1773878
769 152 0.2292058
771 152 0.0737518
773 152 0.1773878
776 152 0.0737518
778 153 0.1773878
780 152 0.0737518
783 153 0.0219338
785 153 0.0219338
787 153 0.0478428
791 153 0.0478428
