0 -2 -0.0039752
3 -1 0.0478428
5 -2 0.0219338
7 -2 0.0219338
10 -2 0.0219338
12 -2 0.0478428
14 -2 0.0219338
17 -2 0.0478428
19 -2 0.0478428
21 -1 0.0737518
24 -2 1.1360208
26 -4 3.0273778
29 -4 2.9755598
31 -4 2.6646518
34 -3 1.9391998
37 -4 1.4728378
39 -3 1.4987468
41 -3 1.9132908
44 -4 2.2241988
46 -2 1.4728378
48 -3 2.0169268
51 -2 1.5764738
53 -2 1.6542008
55 -2 1.9651088
58 -1 1.7578368
60 -1 1.6801098
62 0 1.6023828
65 0 1.6542008
67 0 1.6282918
69 1 1.1878388
72 1 1.3173838
74 2 0.9546578
77 3 1.2137478
80 4 0.9028398
82 4 1.1619298
84 5 1.0323848
87 5 0.9287488
89 6 0.8510218
91 7 0.7473858
94 7 0.7732948
96 8 0.7992038
98 8 0.7732948
101 9 0.8251128
103 10 0.6955678
105 11 0.6178408
108 11 0.7214768
110 12 0.7473858
112 12 0.5919318
115 13 0.6955678
117 14 0.7732948
120 14 0.4364778
123 15 0.6696588
125 15 0.6955678
127 17 0.4882958
130 18 0.6955678
132 19 0.5401138
134 20 0.6437498
137 20 0.3587508
139 21 0.6437498
141 22 0.6178408
144 23 0.5401138
146 23 0.4364778
148 24 0.5401138
151 25 0.4364778
153 25 0.5401138
155 26 0.3069328
158 27 0.3846598
160 28 0.5142048
163 29 0.4105688
166 30 0.4364778
168 31 0.4105688
170 31 0.3587508
173 32 0.2810238
175 34 0.5142048
178 34 0.4882958
180 35 0.4105688
182 36 0.3069328
185 37 0.4882958
187 38 0.3587508
189 39 0.3587508
192 39 0.5142048
194 40 0.5142048
196 41 0.4623868
199 42 0.3069328
201 42 0.4882958
203 43 0.3328418
207 44 0.2810238
209 44 0.2292058
211 45 0.5142048
214 47 0.3846598
216 47 0.3587508
218 48 0.4623868
221 50 0.4364778
223 51 0.3328418
225 51 0.1514788
228 51 0.4882958
230 52 0.4623868
232 53 0.3587508
235 55 0.3587508
237 56 0.3587508
239 56 0.4105688
242 58 0.3328418
244 59 0.1773878
247 59 0.5142048
250 59 0.4623868
252 60 0.3846598
254 61 0.3069328
257 62 0.4364778
259 63 0.3587508
261 64 0.2810238
264 64 0.2292058
266 65 0.5401138
268 66 0.4623868
271 68 0.2810238
273 68 0.4882958
275 69 0.4364778
278 71 0.3328418
280 71 0.2292058
282 71 0.4364778
285 72 0.4623868
287 74 0.4105688
290 74 0.3069328
293 75 0.3328418
295 75 0.3846598
298 77 0.4623868
300 78 0.3328418
302 79 0.2032968
305 80 0.4105688
307 80 0.5142048
309 82 0.4623868
312 83 0.3587508
314 83 0.3328418
316 83 0.4882958
319 84 0.3587508
321 86 0.2810238
323 87 0.2810238
326 88 0.4882958
328 88 0.4105688
330 89 0.3846598
334 90 0.3069328
336 91 0.4623868
338 92 0.4105688
341 93 0.2551148
343 93 0.2810238
345 95 0.4882958
348 95 0.4364778
350 96 0.3846598
352 98 0.3069328
355 98 0.5142048
357 100 0.4882958
359 100 0.3328418
362 101 0.3328418
364 102 0.4882958
366 103 0.5142048
369 104 0.4105688
371 104 0.3328418
373 104 0.5401138
377 106 0.4105688
379 106 0.3587508
381 108 0.2810238
384 109 0.5142048
386 109 0.5142048
388 110 0.4364778
391 111 0.3846598
393 113 0.3069328
395 114 0.4623868
398 114 0.4105688
400 115 0.4105688
402 116 0.3069328
405 117 0.2292058
407 117 0.3328418
409 118 0.4364778
412 119 0.4105688
414 119 0.4105688
416 120 0.3587508
420 121 0.2551148
422 121 0.3846598
424 122 0.3846598
427 123 0.4364778
429 125 0.2551148
431 125 0.1773878
434 126 0.4882958
436 127 0.4364778
438 127 0.3846598
441 128 0.3069328
443 129 0.4105688
445 130 0.4364778
448 130 0.3587508
450 131 0.1773878
452 132 0.2032968
455 133 0.4623868
457 134 0.4364778
461 134 0.3846598
463 135 0.2810238
465 136 0.4364778
468 137 0.3587508
470 137 0.3069328
472 138 0.2810238
475 140 0.1255698
477 140 0.0219338
479 141 0.0996608
482 142 0.0219338
484 142 0.0737518
486 143 0.0996608
489 144 0.0996608
491 145 0.0478428
493 145 0.0478428
496 146 0.0219338
498 146 0.0737518
500 147 0.0219338
504 148 0.0219338
506 149 0.0737518
508 147 0.4882958
511 150 1.8873818
513 148 0.6955678
515 151 1.4728378
518 149 1.1619298
520 152 1.7837458
522 150 3.0273778
525 151 2.2241988
527 150 3.3382858
529 151 3.2864678
532 152 1.4728378
534 153 2.4573798
536 153 1.2914748
539 153 2.0169268
541 153 0.3587508
543 155 0.9287488
547 154 0.1773878
549 154 0.4623868
551 154 0.0737518
554 154 0.1773878
556 154 0.1773878
558 154 0.0737518
561 153 0.0478428
563 153 0.1773878
565 153 0.1255698
568 153 0.2810238
570 153 0.1773878
572 153 0.3846598
575 153 0.2292058
577 152 0.4105688
579 152 0.2292058
582 153 0.4364778
584 152 0.1773878
586 153 0.0737518
590 153 0.0478428
592 153 0.0737518
594 153 0.0478428
597 153 0.1514788
599 153 0.2810238
