0 152 0.8769308
13 151 0.2292058
26 152 0.8510218
40 152 0.3069328
53 151 0.0478428
66 152 0.0478428
80 152 0.0737518
93 151 0.0996608
106 150 0.2292058
120 150 0.1255698
133 150 0.0996608
146 150 0.2032968
160 149 0.0478428
173 149 0.0478428
186 148 0.0219338
200 147 0.5919318
213 147 0.0478428
226 145 0.0996608
239 145 0.2810238
253 145 0.0737518
266 145 0.0737518
279 145 0.0219338
293 145 0.0478428
306 145 0.0737518
319 144 0.0478428
333 143 0.4364778
346 141 0.0737518
359 141 0.8251128
373 142 0.0737518
387 142 0.0737518
400 142 0.0478428
414 141 0.0996608
427 141 0.0219338
440 140 0.1514788
453 139 0.1773878
467 138 -0.3407922
480 138 0.5401138
493 137 0.0737518
507 137 0.2292058
520 137 0.0737518
533 137 0.0737518
547 136 0.0996608
560 136 0.2551148
573 135 0.1255698
587 135 0.0219338
600 135 0.0737518
613 135 0.0996608
627 135 0.0737518
640 134 0.0996608
653 133 0.1255698
666 133 0.0219338
680 132 0.2292058
693 131 0.2292058
706 131 0.2032968
720 131 0.0996608
733 131 0.0996608
746 131 0.0478428
760 130 0.0478428
773 130 0.1773878
786 129 0.2292058
801 129 0.1255698
814 128 0.0478428
827 128 0.1773878
841 128 0.0478428
854 127 0.0478428
867 127 0.0996608
880 125 0.5660228
894 125 0.0737518
907 125 0.3069328
920 124 0.2292058
934 123 0.0219338
947 123 0.1255698
960 123 0.0478428
974 123 0.0737518
987 122 0.0737518
1000 122 0.0737518
1014 122 0.2810238
1027 121 0.0478428
1040 121 0.0996608
1054 121 0.0737518
1067 121 0.1255698
1080 120 0.0996608
1093 120 0.0996608
1107 119 0.0219338
1120 119 0.1773878
1133 118 0.0737518
1147 118 0.2032968
1160 118 0.0478428
1173 117 0.0996608
1187 116 0.0996608
1200 116 0.1773878
1214 116 0.0478428
1228 115 0.0737518
1241 115 0.0737518
1254 114 0.1255698
1268 114 0.0996608
1281 113 0.1255698
1294 113 0.0478428
1308 112 0.1255698
1321 112 0.1255698
1334 112 0.0737518
1347 111 0.1255698
1361 111 0.0737518
1374 110 0.0996608
1387 110 0.0737518
1401 110 0.0996608
1414 110 0.0478428
1427 109 0.0737518
1441 108 0.1514788
1454 108 0.0996608
1467 106 0.6696588
1481 106 0.0737518
1494 106 0.0478428
1507 107 0.0478428
1520 106 0.0478428
1534 105 0.0737518
1547 104 0.0737518
1560 104 0.0737518
1574 104 0.0996608
1587 104 0.0478428
1600 104 0.0478428
1614 102 0.0737518
1628 102 -0.0039752
1641 101 0.2032968
1655 101 0.0478428
1668 101 0.1514788
1681 100 0.1255698
1695 100 0.0737518
1708 101 0.0737518
1721 100 0.0478428
1735 100 0.1514788
1748 99 0.1514788
1761 97 0.5142048
1774 98 0.2292058
1788 97 0.1255698
1801 97 0.4105688
1814 96 0.0219338
1828 96 0.0737518
1841 95 0.0996608
1854 95 -0.0039752
1868 95 0.0737518
1881 94 0.2032968
1894 94 0.0478428
1908 93 0.2032968
1921 93 0.0737518
1934 93 0.0996608
1948 93 0.0737518
1961 92 0.0737518
1974 92 0.0478428
1987 91 0.2551148
2001 90 0.1773878
2014 90 0.0737518
2027 90 0.0996608
2041 90 0.0996608
2055 90 0.0737518
2068 89 0.0996608
2082 89 0.0478428
2095 88 0.0737518
2108 87 0.0996608
2122 87 0.7732948
2135 86 0.0737518
2148 86 0.1773878
2162 86 0.0737518
2175 86 0.0737518
2188 85 0.0737518
2201 84 0.4105688
2215 84 0.0478428
2228 84 0.0996608
2241 84 0.0996608
2255 84 0.0737518
2268 83 0.0996608
2281 82 0.2551148
2295 82 0.0737518
2308 82 0.0219338
2321 79 0.2292058
2335 80 0.1255698
2348 80 0.0478428
2361 79 0.0737518
2375 78 0.1255698
2388 78 0.0737518
2401 78 0.0219338
2414 78 0.0996608
2428 76 0.4364778
2441 75 1.0064758
2455 75 0.1255698
2469 76 0.0996608
2482 76 0.0737518
2495 76 0.0737518
2509 75 0.0996608
2522 75 0.0478428
2535 74 0.3587508
2549 74 0.0737518
2562 74 0.2032968
2575 73 0.3069328
2589 72 0.1255698
2602 72 0.2292058
2615 72 0.0737518
2628 71 0.0478428
2642 71 0.0737518
2655 70 0.0478428
2668 70 0.0478428
2682 69 0.4623868
2695 68 0.1255698
2708 68 0.3587508
2722 68 0.1255698
2735 68 0.0737518
2748 68 0.0737518
2762 68 0.0478428
2775 67 0.0478428
2788 66 0.2810238
2802 64 0.2810238
2815 65 0.0996608
2828 65 0.0478428
2841 65 0.0478428
2855 65 0.0737518
2868 64 0.0478428
2882 64 0.0219338
2896 63 0.0219338
2909 60 0.7214768
2922 61 0.5142048
2936 60 0.0996608
2949 60 0.0478428
2962 60 0.2551148
2976 60 0.0996608
2989 60 0.0219338
3002 60 0.0219338
3016 59 0.0996608
3029 59 0.1255698
3042 59 0.0737518
3055 58 0.0478428
3069 57 0.5142048
3082 56 0.8510218
3095 56 0.0737518
3109 56 0.0478428
3122 56 0.0737518
3135 56 0.0737518
3149 55 0.0737518
3162 54 0.1773878
3175 53 0.2032968
3189 53 0.1773878
3202 53 0.0478428
3215 53 0.0737518
3229 52 0.0478428
3242 52 0.1773878
3255 51 0.0996608
3268 51 0.0737518
3282 51 0.0478428
3296 51 0.0478428
3309 50 0.2032968
3323 49 0.0737518
3336 49 0.1514788
3349 48 0.0478428
3363 48 0.2032968
3376 48 0.0737518
3389 48 0.0737518
3403 47 0.0478428
3416 46 0.0737518
3429 46 0.1255698
3443 45 0.5142048
3456 44 0.0737518
3469 45 0.0219338
3482 45 0.0737518
3496 44 0.0219338
3509 44 0.0478428
3522 43 0.4364778
3536 43 0.2810238
3549 42 0.0478428
3562 42 0.0478428
3576 42 0.0737518
3589 42 0.0737518
3602 41 0.3328418
3616 40 0.0737518
3629 40 0.0737518
3642 40 0.0478428
3656 39 0.0737518
3669 39 0.0737518
3682 38 0.2551148
3696 37 0.3069328
3710 37 0.1255698
3723 37 0.0737518
3736 37 0.0219338
3750 36 0.0737518
3763 36 0.2292058
3776 35 0.0996608
3790 34 0.3069328
3803 34 0.0737518
3816 34 0.1514788
3830 34 -0.0039752
3843 34 0.0737518
3856 32 0.0478428
3870 32 0.3846598
3883 31 0.0996608
3896 31 0.1773878
3909 31 0.0478428
3923 31 0.0737518
3936 30 0.0478428
3949 29 0.9028398
3963 29 0.0737518
3976 29 0.2032968
3989 28 0.0737518
4003 29 0.0478428
4016 28 0.0737518
4029 28 0.2032968
4043 27 0.1514788
4056 26 0.2810238
4069 26 0.2032968
4083 26 0.0737518
4096 25 0.1773878
4109 25 0.0737518
4124 25 0.0996608
4137 24 0.0737518
4150 24 0.0996608
4163 24 0.0996608
4177 23 0.0478428
4190 23 0.0478428
4203 21 0.1514788
4217 21 0.4364778
4230 21 0.0478428
4243 21 0.0996608
4257 20 0.0219338
4270 20 0.0219338
4283 20 0.0478428
4297 19 0.1255698
4310 18 0.0996608
4323 17 0.3846598
4336 16 0.1773878
4350 17 0.0737518
4363 17 0.0996608
4376 17 0.0478428
4390 17 0.1773878
4403 16 0.0219338
4416 15 0.0737518
4430 15 0.0737518
4443 14 0.0478428
4456 14 0.6437498
4470 13 0.0478428
4483 13 0.0996608
4496 13 0.0737518
4510 13 0.1255698
4523 13 0.0478428
4537 12 0.0478428
4551 12 0.0737518
4564 12 0.0737518
4577 10 0.1773878
4590 9 0.0996608
4604 9 0.2551148
4617 9 0.1255698
4630 9 0.0737518
4644 8 0.0478428
4657 8 0.0737518
4670 8 0.0996608
4684 7 0.2032968
4697 6 0.2032968
4710 6 0.0478428
4724 6 0.1773878
4737 5 0.0219338
4750 5 0.0737518
4764 5 0.0219338
4777 4 0.2292058
4790 2 0.1773878
4803 2 0.1255698
4817 2 0.0996608
4830 2 0.0737518
4843 2 0.0219338
4857 2 0.0478428
4870 1 0.0478428
4883 0 0.3328418
4897 0 0.0737518
4910 0 0.1514788
