0 153 0.0478428
2 152 0.0737518
4 153 0.0478428
7 153 0.0478428
10 153 0.0219338
12 153 0.0996608
15 153 0.0737518
17 152 0.0219338
19 153 0.0478428
21 153 0.0737518
24 152 0.1773878
26 152 0.3846598
28 153 0.5919318
31 152 0.2810238
33 152 0.3328418
35 152 0.3587508
37 153 0.0996608
40 152 0.0478428
42 150 1.2655658
44 153 1.6801098
47 151 1.0842028
49 151 0.6955678
51 152 0.9028398
55 151 0.5660228
57 151 0.3069328
59 151 0.2032968
61 150 1.2914748
64 148 2.3537438
66 149 1.7319278
68 149 0.3328418
71 150 0.4105688
73 149 0.2032968
75 149 0.1255698
77 149 0.0478428
80 148 0.0996608
82 146 1.7060188
84 146 1.6282918
87 147 0.0996608
89 146 0.0996608
91 145 0.0737518
94 145 0.0737518
97 145 0.2032968
99 145 0.5660228
101 144 0.7732948
104 143 1.4210198
106 142 0.9287488
108 142 0.3587508
111 142 0.6178408
113 142 0.0737518
115 142 0.0478428
117 141 0.1255698
120 141 0.1514788
122 140 1.1101118
124 139 1.2914748
127 140 0.0478428
129 139 0.0737518
131 138 0.0737518
133 138 0.0478428
136 137 0.2551148
139 137 0.7992038
141 136 0.4882958
144 135 1.1619298
146 135 0.5142048
148 135 0.0478428
150 135 0.0478428
153 134 0.0996608
155 134 0.0478428
157 133 0.0737518
160 133 0.0737518
162 132 1.0323848
164 131 1.2655658
167 132 0.0478428
169 131 0.0996608
171 131 0.0219338
173 130 0.0219338
176 129 0.5142048
178 128 0.1255698
181 128 0.6178408
184 127 1.1878388
186 127 0.0996608
188 127 0.0219338
190 127 0.0737518
193 127 0.0478428
195 125 0.0478428
197 125 0.3328418
200 125 0.0737518
202 123 0.9805668
204 122 1.2137478
206 121 0.5919318
209 120 0.2810238
211 121 2.0169268
213 121 1.6542008
216 119 0.1514788
218 121 0.3587508
220 119 0.9028398
224 119 0.9546578
226 120 0.5919318
228 119 0.0737518
230 119 0.0478428
233 119 0.0737518
235 119 0.0478428
237 118 0.0737518
240 118 0.0478428
242 117 1.0323848
244 117 1.0064758
246 117 0.0996608
249 117 0.0996608
251 116 0.0737518
253 116 0.0478428
256 116 0.1255698
258 115 0.1773878
260 114 1.3951108
262 113 1.6801098
266 114 0.3846598
268 113 0.0737518
270 113 0.0996608
273 113 0.0737518
275 112 0.0996608
277 111 0.0737518
279 111 0.2292058
282 109 1.4469288
284 108 1.4987468
286 109 0.3328418
289 108 0.2292058
291 108 -0.0039752
293 107 0.0478428
296 107 1.6282918
298 106 1.7060188
300 105 1.1619298
302 104 1.7837458
305 104 0.1773878
307 104 0.3328418
310 102 0.7992038
313 102 0.6178408
315 106 -0.1594292
317 103 0.0219338
319 102 0.5919318
322 101 1.0842028
324 100 1.7060188
326 101 0.0737518
329 101 0.0219338
331 101 0.2810238
333 100 0.5142048
335 100 0.1514788
338 100 0.0478428
340 99 1.4469288
342 98 2.0946538
345 99 0.5660228
347 99 0.3328418
349 100 0.3328418
352 98 0.2810238
355 98 0.0737518
357 98 0.0478428
359 97 0.8251128
362 96 1.3692018
364 95 1.2655658
366 95 0.1255698
369 95 0.1255698
371 94 0.1773878
373 94 0.2032968
375 93 0.2292058
378 93 0.2810238
380 91 1.8614728
382 91 1.6542008
385 92 0.0737518
387 91 0.0478428
389 90 0.4105688
391 90 0.0737518
395 89 0.2551148
397 90 0.6437498
399 89 0.5660228
402 87 1.5246558
404 87 1.9910178
406 88 0.0996608
408 88 0.0737518
411 87 0.0737518
413 87 0.0478428
415 87 0.0737518
418 86 0.0478428
420 85 1.4469288
422 84 1.4210198
425 84 0.0737518
427 84 0.1255698
429 84 0.4882958
431 84 0.7214768
434 83 0.0737518
437 83 0.0737518
439 81 1.1101118
442 81 1.4987468
444 81 0.2551148
446 82 0.0737518
448 81 0.1255698
451 80 0.2810238
453 80 0.2032968
455 80 0.5142048
458 79 0.0996608
460 78 1.2914748
462 77 1.2137478
464 78 0.0478428
467 76 0.0737518
469 75 0.0737518
471 75 0.1773878
474 72 1.9910178
476 72 1.4469288
478 74 0.7992038
481 72 1.1360208
484 74 0.6696588
486 73 0.0478428
488 73 0.0478428
491 72 0.0996608
493 72 0.0996608
495 72 0.8251128
498 71 0.2292058
500 71 0.2032968
502 70 0.3069328
504 70 0.9805668
507 70 1.4987468
509 70 0.1255698
511 70 0.0737518
514 69 0.0737518
516 69 0.0996608
518 69 0.0478428
520 68 0.0737518
524 67 1.0064758
526 66 2.0687448
528 66 0.6955678
531 67 0.1514788
533 66 0.1514788
535 66 0.0219338
537 65 0.0478428
540 65 0.6696588
542 64 0.1255698
544 63 1.0842028
547 63 1.7319278
549 63 0.0737518
551 63 0.0996608
554 63 0.0996608
556 62 0.1255698
558 62 0.1773878
560 61 0.3846598
563 59 1.1101118
566 59 1.5246558
568 60 0.1255698
571 59 0.0478428
573 59 0.0478428
575 59 0.0219338
577 58 0.0996608
580 58 0.0996608
582 57 0.0737518
584 55 1.0842028
587 55 1.1878388
589 55 0.9287488
591 53 0.2810238
593 54 0.3846598
596 53 0.6437498
598 52 0.4882958
600 51 0.5919318
603 51 0.8251128
605 50 1.3692018
608 51 0.0996608
610 51 0.0478428
613 51 0.0478428
615 51 0.0737518
617 51 0.0737518
620 50 0.0478428
622 50 0.0478428
624 48 1.3173838
626 48 1.4728378
629 49 0.1255698
631 48 0.0478428
633 48 0.0996608
636 47 0.0996608
638 47 0.3069328
640 46 0.6696588
643 45 1.2396568
645 44 1.4728378
647 45 0.0737518
650 44 0.0996608
653 44 0.0478428
655 44 0.2551148
657 43 0.2032968
660 42 0.2032968
662 42 0.2032968
664 41 1.6801098
666 41 1.2914748
669 42 0.0737518
671 41 0.0996608
673 41 0.0478428
676 41 0.0996608
678 40 0.0219338
680 40 0.0737518
682 38 1.4987468
685 38 1.5246558
687 38 0.1514788
689 38 0.0737518
693 38 0.0737518
695 37 0.0737518
697 37 0.0737518
700 36 0.0478428
702 36 0.3069328
704 34 1.0582938
706 34 1.1101118
709 34 0.0737518
711 34 0.0478428
713 34 0.0478428
716 33 0.0996608
718 33 0.0737518
720 32 0.0996608
722 30 1.4728378
725 30 1.0842028
727 31 0.0737518
729 30 0.0478428
732 29 0.2032968
734 28 0.0737518
737 27 1.7060188
739 26 1.9391998
742 27 -0.7812452
744 25 1.0842028
746 24 0.7732948
749 25 2.0428358
751 24 1.3432928
753 23 0.3328418
755 24 0.6178408
758 24 0.4882958
760 24 0.2551148
762 23 1.3951108
765 22 1.3951108
767 23 0.2032968
769 23 0.1255698
772 23 0.1514788
774 23 0.2810238
776 23 0.1514788
779 23 0.2810238
782 22 1.0582938
784 21 1.4210198
786 20 1.1878388
789 20 0.6437498
791 20 0.5660228
793 21 0.0478428
795 20 0.0996608
798 20 0.0737518
800 20 0.0478428
802 18 1.7060188
805 17 1.7578368
807 18 0.0996608
809 17 0.0478428
811 16 0.0996608
814 16 0.2292058
816 15 0.6178408
818 14 0.4105688
822 14 0.5919318
824 12 2.1464718
826 12 1.7319278
829 13 0.0996608
831 13 0.0737518
833 13 0.0996608
835 12 0.0219338
838 12 0.0996608
840 12 0.0996608
842 11 1.3951108
845 10 1.4210198
847 10 0.6437498
849 10 0.7992038
851 10 0.0478428
854 9 0.0996608
856 9 0.2292058
858 8 0.0478428
861 7 0.7732948
864 6 1.4469288
866 6 0.3069328
868 6 0.0737518
871 6 0.0996608
873 5 0.0737518
875 5 0.1773878
878 5 0.3069328
880 4 0.1255698
882 3 1.5505648
884 2 1.5246558
887 3 0.0737518
889 2 0.0478428
891 1 0.2551148
894 1 0.6178408
896 0 1.0323848
898 0 0.4364778
900 0 0.3587508
