0 -1 0.2810238
2 -1 0.2810238
4 -2 0.0737518
7 -1 0.2551148
9 -1 0.2032968
12 -1 0.3069328
14 -1 0.1255698
16 -1 0.3069328
20 -4 2.7941968
22 -4 2.7423788
24 -3 1.8873818
27 -4 2.6646518
29 -4 2.7423788
31 -4 2.6128338
34 -3 2.2501078
36 -2 1.6542008
38 -3 2.6128338
41 -2 2.5610158
43 -2 2.5610158
45 -2 2.5091978
48 -2 2.4832888
50 -2 2.5610158
52 -2 1.4987468
55 -1 1.6542008
57 -1 1.8355638
59 -1 1.9391998
63 -1 2.0687448
65 -1 2.2760168
67 -1 2.3537438
70 -1 2.4832888
72 0 1.4469288
74 0 1.7837458
77 0 2.0428358
79 0 2.2501078
81 0 1.3692018
84 1 1.7319278
86 2 2.0687448
88 3 1.4210198
91 3 1.9391998
93 4 1.4469288
95 3 2.0169268
98 4 1.7060188
100 4 1.5505648
102 5 1.4469288
106 5 1.3173838
108 6 1.3173838
110 6 1.3432928
113 6 1.4469288
115 7 1.5764738
117 8 1.0582938
120 8 1.2655658
122 8 1.3951108
124 8 1.0064758
127 9 1.1878388
129 10 1.3432928
131 10 1.4728378
134 11 0.9546578
136 11 1.1619298
138 12 1.3173838
141 12 1.3951108
143 12 1.5246558
145 12 1.0842028
149 14 1.1360208
151 14 1.2396568
153 14 1.3692018
156 14 1.4728378
158 15 1.0323848
160 15 1.1878388
163 16 1.3951108
165 17 1.1878388
167 18 1.1360208
170 19 1.2914748
172 19 0.9287488
174 19 1.1360208
177 20 1.3432928
179 20 1.0582938
182 21 1.2914748
184 22 1.0064758
186 22 1.2137478
189 23 1.0323848
192 23 1.1101118
194 23 1.0842028
197 24 0.9028398
199 24 1.1619298
201 24 1.0323848
204 25 0.7992038
206 26 1.1360208
208 27 1.0323848
211 27 0.7992038
213 28 1.1101118
215 29 0.9546578
218 29 1.2396568
220 31 1.0582938
222 30 0.9028398
225 31 1.1360208
227 32 0.9546578
229 32 1.1878388
232 33 1.0323848
235 33 0.8510218
237 34 1.1360208
240 35 0.9805668
242 35 1.1878388
244 36 1.1360208
247 37 0.8769308
249 38 1.1878388
251 38 1.1101118
254 39 0.8769308
256 40 1.2137478
258 40 1.0323848
261 40 0.9546578
263 41 0.7214768
265 41 1.0582938
268 42 0.9805668
270 42 0.8769308
272 42 0.7214768
276 43 1.1360208
278 44 1.0582938
280 45 0.9546578
283 46 0.8251128
285 46 1.1360208
287 47 1.0582938
290 47 0.9546578
292 49 0.7992038
294 49 1.0842028
297 50 1.0323848
299 51 0.8251128
301 50 1.0323848
304 51 1.0842028
306 52 0.9805668
308 53 0.7732948
311 53 1.1360208
313 54 1.0064758
315 55 0.8510218
319 55 1.1619298
321 56 1.0064758
323 57 0.8769308
326 58 1.1619298
328 58 1.0064758
330 59 0.9028398
333 59 1.1101118
335 59 1.0323848
338 60 0.9287488
340 60 0.7732948
342 61 1.0582938
345 63 0.9287488
347 63 0.7992038
349 63 1.1360208
352 64 1.0323848
354 64 0.9287488
356 65 0.7992038
359 66 1.1101118
362 66 1.0064758
364 67 0.9546578
367 68 0.7732948
369 68 1.1619298
371 69 1.0323848
374 70 0.9805668
376 71 0.9028398
378 71 0.7473858
381 71 1.0582938
383 72 1.1101118
385 73 1.0064758
388 73 0.8510218
390 73 0.9287488
392 74 1.0323848
395 74 0.9546578
397 75 0.7992038
399 76 1.1101118
402 77 1.0842028
405 78 0.9028398
407 78 0.9287488
410 79 1.0323848
412 80 0.9546578
414 81 0.8251128
417 81 1.1101118
419 82 1.0582938
421 83 0.8510218
424 83 1.1619298
426 83 1.0323848
428 84 0.8769308
431 85 0.8769308
433 86 1.0582938
435 87 0.9805668
438 88 0.8769308
440 88 0.7214768
442 88 1.0582938
445 89 1.0064758
448 89 0.9028398
450 90 0.7473858
453 90 1.1619298
455 91 1.0582938
457 92 0.9287488
460 93 0.8769308
462 93 1.1101118
464 94 1.0842028
467 95 0.8769308
469 95 0.9287488
471 96 1.0842028
474 97 0.9546578
476 97 0.7992038
478 98 1.1360208
481 99 1.0323848
483 99 0.8510218
485 100 1.1360208
488 100 0.9805668
491 101 0.9805668
493 102 1.1360208
496 103 0.8769308
498 103 1.1619298
501 104 1.0842028
503 104 0.9028398
505 104 1.1619298
508 106 1.0323848
510 106 0.9546578
512 106 0.7473858
515 107 1.1360208
517 108 0.9546578
519 109 0.8769308
522 109 0.7473858
524 109 1.1101118
526 110 0.9805668
529 111 0.9028398
532 112 0.5660228
534 112 1.0842028
537 113 1.0323848
539 114 0.9287488
541 115 0.7732948
544 115 1.1101118
546 115 1.0582938
548 116 0.9287488
551 117 0.7473858
553 117 1.0842028
555 118 1.0582938
558 119 0.8510218
560 119 1.0323848
562 119 1.1101118
565 120 0.9287488
567 120 0.7732948
569 121 1.0842028
572 121 0.9546578
575 121 0.7992038
577 122 1.1360208
580 123 0.9546578
582 124 0.9028398
584 124 0.6437498
587 125 1.1101118
589 126 1.0323848
591 126 0.8251128
594 126 1.1360208
596 127 0.9805668
598 127 1.2655658
601 128 1.0323848
603 128 0.7992038
605 129 1.1360208
608 130 1.0064758
610 130 0.8251128
612 130 1.0842028
615 131 0.9287488
618 131 1.2655658
620 132 1.1101118
623 133 0.8769308
625 133 1.1619298
627 134 0.9546578
630 134 1.1878388
632 134 0.9546578
634 135 1.2396568
637 136 1.0582938
639 136 0.8251128
641 137 1.1360208
644 138 1.0323848
646 138 0.7214768
648 139 1.1101118
651 140 0.5142048
653 140 0.3069328
656 141 0.6955678
658 141 0.4623868
661 142 0.6955678
664 142 0.4105688
666 143 0.6437498
668 143 0.3587508
671 144 0.4364778
673 144 0.1514788
675 145 0.0478428
678 145 0.0478428
680 145 0.1255698
682 146 0.2292058
685 146 0.0996608
687 147 0.0996608
689 147 0.0478428
692 148 0.0996608
694 148 0.0996608
696 149 0.1773878
699 149 0.0737518
701 149 0.0478428
704 150 0.0737518
707 150 0.1514788
709 150 0.0996608
711 150 0.1255698
714 150 0.1773878
716 151 0.0478428
718 151 0.1255698
721 152 0.1773878
723 152 0.0478428
725 152 0.5919318
728 151 0.2032968
730 152 0.4105688
732 152 0.0996608
735 153 0.3328418
737 152 0.1255698
739 153 0.2032968
742 153 0.0737518
744 153 0.1255698
747 153 0.0219338
750 153 0.0478428
752 153 0.0478428
754 153 0.0478428
757 153 0.0478428
