0 153 0.0478428
2 153 0.0996608
5 154 0.1514788
8 153 0.0478428
10 153 0.0737518
12 153 -0.0039752
15 153 0.0737518
17 153 0.2032968
19 153 0.1773878
22 153 0.0996608
24 153 0.0737518
26 152 0.0996608
29 153 0.0737518
31 152 0.0996608
33 151 0.5401138
35 151 0.8251128
38 153 0.3069328
40 153 0.3587508
42 152 0.2292058
45 152 0.2292058
47 151 0.1773878
50 151 0.1514788
53 152 0.6955678
55 151 1.5764738
57 150 1.7060188
59 150 0.4882958
62 150 0.4364778
64 151 0.1255698
66 150 0.0996608
69 150 0.0478428
71 150 0.0478428
73 148 1.7319278
75 148 1.4728378
78 148 0.6696588
80 148 0.9805668
82 148 0.3069328
85 148 0.0996608
87 147 0.0478428
89 147 0.0737518
92 145 0.7992038
95 144 1.5764738
97 144 1.2914748
99 145 0.0478428
102 145 0.0996608
104 144 0.1255698
106 144 0.0478428
108 143 0.1255698
111 142 0.1255698
113 141 1.2914748
115 141 0.9805668
118 141 0.0737518
120 141 0.0996608
122 140 0.0478428
125 140 0.0737518
127 139 0.2032968
129 138 0.7214768
131 137 0.3328418
135 136 1.2137478
137 136 1.0323848
139 135 0.0737518
142 135 0.1773878
144 135 0.4105688
146 134 0.9028398
148 133 0.8510218
151 132 0.4105688
153 132 1.3951108
155 132 1.0323848
158 132 0.0737518
160 132 0.0478428
162 131 0.1773878
164 130 0.2032968
167 130 0.5142048
169 130 0.8769308
171 129 0.5660228
174 128 1.0064758
177 128 0.2551148
179 129 0.0996608
182 128 0.0219338
184 128 0.0737518
186 127 0.0737518
188 127 0.0478428
191 127 0.0737518
193 125 1.2914748
195 125 1.3692018
198 125 0.0737518
200 125 0.0996608
202 125 0.1514788
204 123 0.1255698
207 123 0.6178408
209 122 0.8510218
211 121 0.6178408
214 120 1.1360208
216 121 0.0478428
218 121 0.2032968
221 121 0.3328418
224 120 0.3587508
226 119 0.1255698
228 119 0.0737518
231 119 0.1514788
233 118 1.3173838
235 117 1.0323848
238 118 0.0737518
240 117 0.0737518
242 117 0.0737518
244 117 0.0996608
247 116 0.0478428
249 116 0.1514788
251 115 0.7473858
254 114 1.1101118
256 114 0.0478428
258 114 0.0478428
260 114 0.0478428
264 114 0.0478428
266 113 0.0219338
268 112 0.0478428
271 112 0.0478428
273 110 0.9546578
275 110 0.6696588
277 110 0.9287488
280 109 0.3328418
282 108 0.7732948
284 109 1.4210198
287 108 0.1514788
289 106 0.2032968
291 106 0.9805668
294 106 1.0842028
296 106 1.3432928
298 103 3.1828318
300 108 -0.8330632
303 102 2.4055618
306 102 1.7319278
308 104 1.8873818
311 102 2.1205628
313 103 1.1101118
315 102 0.7992038
317 102 0.4364778
320 102 0.3069328
322 102 0.0737518
324 101 0.1514788
327 100 1.2396568
329 100 1.1878388
331 100 0.8769308
333 99 1.1360208
336 100 0.1255698
338 100 0.0737518
340 100 0.0478428
343 99 0.0737518
345 99 0.0737518
348 98 0.0996608
350 98 0.2292058
353 96 1.4987468
355 96 1.4728378
357 97 0.1514788
360 96 0.1255698
362 95 0.0737518
364 95 0.0478428
367 95 0.3328418
369 94 0.2810238
371 93 1.0064758
373 92 1.0842028
376 93 0.2032968
378 92 0.4882958
380 92 0.0996608
383 90 0.0996608
385 90 1.0323848
387 90 1.5246558
389 90 -0.2630652
393 88 1.4210198
395 87 1.6542008
397 89 0.0737518
400 89 0.0737518
402 88 0.0737518
404 88 0.0478428
406 87 0.0737518
409 87 0.0737518
411 85 1.2137478
413 84 1.2396568
416 84 0.4105688
418 84 0.5401138
420 82 0.8251128
423 82 1.9910178
425 83 0.6178408
427 83 0.1255698
429 83 0.1255698
433 81 0.9287488
435 81 1.0064758
437 82 0.0737518
440 82 0.0996608
442 81 0.0478428
444 80 0.0996608
446 80 0.1514788
449 80 0.3846598
451 78 1.1878388
453 78 1.0582938
456 78 0.0996608
458 78 0.0478428
460 78 0.0737518
462 78 0.0737518
465 76 0.0996608
467 76 0.2292058
469 75 0.3587508
472 74 1.0323848
474 74 0.8769308
477 74 0.1773878
479 74 0.2292058
482 74 0.3069328
484 74 0.0478428
486 73 0.0478428
489 72 0.0737518
491 70 1.3432928
493 70 1.1878388
496 71 0.2292058
498 71 0.2551148
500 70 0.1514788
502 70 0.1514788
505 70 0.0737518
507 69 0.1255698
509 68 0.7992038
512 67 1.8873818
514 66 0.3846598
516 68 0.0996608
519 67 0.0478428
522 67 0.0737518
524 66 0.0737518
526 64 0.2292058
529 65 0.4364778
531 64 1.4469288
533 63 0.4882958
535 63 0.6178408
538 63 0.4364778
540 64 0.0737518
542 63 0.0737518
545 63 0.0737518
547 63 0.0219338
549 63 0.0478428
551 62 0.0478428
554 61 0.6696588
556 59 1.0064758
558 59 1.5764738
562 60 0.0996608
564 60 0.0478428
566 59 0.1255698
569 59 0.2551148
571 59 0.1514788
573 59 0.1514788
575 57 1.1101118
578 57 1.7837458
580 57 0.1773878
582 56 0.0996608
585 56 0.8251128
587 55 1.3432928
589 55 1.1101118
591 54 0.9546578
594 53 0.4105688
596 52 1.1619298
598 52 0.7992038
601 52 0.5401138
604 52 0.0996608
606 51 0.2292058
608 51 0.5142048
611 51 0.5919318
613 51 0.1773878
615 49 0.9028398
618 49 1.4210198
620 50 0.0996608
622 50 0.0996608
625 50 0.0737518
627 49 0.1255698
629 49 0.0737518
631 48 0.0737518
634 47 1.1101118
636 46 1.4987468
638 46 0.1255698
641 46 0.0737518
643 46 0.0737518
645 46 0.0737518
648 46 0.0737518
651 45 0.1514788
653 44 0.0737518
655 43 1.0842028
658 42 0.9546578
660 43 0.0737518
662 43 -0.0039752
664 42 0.1773878
667 42 0.4105688
669 42 0.0478428
671 42 0.0737518
674 40 1.2914748
676 40 1.4987468
678 40 0.2032968
680 40 0.0219338
683 40 0.0996608
685 39 0.0737518
687 38 0.0737518
691 38 0.3328418
693 37 0.0737518
695 35 1.1878388
698 35 1.0323848
700 35 0.3587508
702 33 0.1773878
704 32 0.7214768
707 34 1.4987468
709 33 0.6178408
711 32 0.2032968
714 31 0.9028398
716 31 0.8769308
718 32 0.1773878
720 31 0.0478428
723 32 0.0737518
725 31 0.0478428
727 31 0.0996608
730 30 0.0737518
733 29 0.0737518
735 28 0.8769308
737 27 0.8510218
740 28 0.9805668
742 27 0.1773878
744 27 0.0737518
747 26 0.2032968
749 25 0.9028398
751 24 0.2292058
753 24 0.6696588
756 24 0.8769308
758 25 0.0219338
760 24 0.0478428
763 24 0.0478428
765 24 0.0478428
767 23 0.0219338
770 23 0.0996608
772 23 0.0478428
775 21 1.3951108
777 21 1.2396568
780 21 0.0737518
782 21 0.0996608
784 20 0.1773878
787 20 0.3069328
789 20 0.1255698
791 20 0.0996608
793 18 1.0064758
796 18 1.2396568
798 18 0.0996608
800 17 0.0478428
803 17 0.4364778
805 16 1.2396568
807 15 0.7473858
809 14 0.4105688
812 15 -0.9366992
814 13 1.9651088
817 14 1.6542008
820 14 0.0737518
822 14 0.1514788
824 14 0.0996608
826 13 0.0478428
829 13 0.0219338
831 12 0.0996608
833 11 1.3432928
836 11 1.3951108
838 12 0.0737518
840 11 0.0996608
843 10 0.0996608
845 10 0.0737518
847 9 0.1514788
849 8 0.2032968
852 10 -0.7553362
854 7 1.1878388
856 7 1.0582938
860 8 0.0737518
862 7 0.0478428
864 6 0.0478428
866 6 0.0996608
869 5 0.1514788
871 5 0.0996608
873 4 1.1619298
876 3 1.3432928
878 4 0.0478428
880 3 0.0737518
882 2 0.1514788
885 2 0.4364778
887 0 0.5919318
