0 -1 0.1255698
2 -2 0.0996608
4 -1 0.2032968
7 -2 0.0478428
9 -1 0.1255698
12 -2 0.0478428
14 -1 0.1514788
16 -1 0.0996608
19 -1 0.0996608
21 -2 1.3951108
23 -4 2.9237418
26 -4 2.9237418
28 -4 2.7941968
30 -3 1.5764738
33 -4 2.7423788
35 -4 2.6646518
38 -3 2.6905608
41 -3 1.3432928
43 -2 1.7837458
45 -2 2.0428358
48 -2 2.0169268
50 -2 1.8614728
52 -2 1.6801098
55 -1 1.8355638
57 0 1.4469288
59 -1 2.1205628
62 0 1.8096548
64 0 1.5246558
66 0 1.2137478
69 0 2.0687448
71 1 1.8096548
73 2 1.7837458
76 3 1.6801098
79 3 1.2655658
81 4 1.1101118
84 4 1.2655658
86 4 1.3951108
88 6 1.0582938
91 6 1.2655658
93 6 1.0323848
95 7 0.8251128
98 8 1.1101118
100 8 0.9805668
102 9 0.9805668
105 9 0.9028398
107 10 0.9028398
109 11 0.8769308
112 12 0.8769308
114 12 0.7992038
116 12 0.8769308
119 13 0.8510218
122 14 0.8510218
124 14 0.8769308
127 15 0.9028398
129 15 0.8510218
131 16 0.9028398
134 17 0.8769308
136 18 0.9028398
138 19 0.9287488
141 19 0.9028398
143 20 0.9028398
145 21 0.9805668
148 22 0.8510218
150 22 0.5401138
152 23 0.6955678
155 24 0.6696588
157 24 0.8251128
160 24 0.7473858
162 25 0.6178408
165 26 0.6437498
168 27 0.6955678
170 29 0.4105688
172 29 0.6437498
175 29 0.6696588
177 31 0.4105688
179 31 0.6437498
182 32 0.4623868
184 32 0.5660228
186 33 0.6437498
189 34 0.5401138
191 35 0.5660228
193 36 0.2292058
196 36 0.6437498
198 38 0.6178408
200 38 0.5660228
203 39 0.5919318
205 40 0.6955678
208 41 0.4364778
211 41 0.7214768
213 42 0.7214768
215 42 0.4364778
218 42 0.6696588
220 43 0.4105688
222 44 0.6437498
225 45 0.6955678
227 46 0.5142048
229 47 0.5660228
232 47 0.7214768
234 49 0.5401138
236 50 0.5401138
239 50 0.4882958
241 51 0.6178408
243 51 0.7214768
246 52 0.4882958
248 53 0.7214768
251 54 0.5142048
254 55 0.5919318
256 56 0.4623868
258 57 0.4882958
261 58 0.7214768
263 59 0.4105688
265 59 0.6955678
268 59 0.5919318
270 60 0.4364778
272 61 0.6955678
275 62 0.4623868
277 63 0.6955678
279 63 0.7214768
282 64 0.5919318
284 65 0.6437498
286 65 0.2810238
289 66 0.6178408
291 68 0.5919318
294 69 0.4882958
297 69 0.5919318
299 70 0.4623868
302 71 0.5401138
304 71 0.7214768
306 72 0.5660228
309 73 0.5401138
311 74 0.4364778
313 74 0.5919318
316 75 0.4623868
318 75 0.5142048
320 76 0.7732948
323 78 0.5401138
325 78 0.5919318
327 79 0.4623868
330 80 0.6696588
332 81 0.5660228
335 82 0.4623868
338 82 0.7473858
340 83 0.4882958
342 84 0.5142048
345 84 0.7214768
347 86 0.4105688
349 86 0.5660228
352 88 0.6696588
354 88 0.6178408
356 88 0.6437498
359 89 0.4364778
361 90 0.5919318
363 91 0.6696588
366 92 0.4882958
368 93 0.6178408
370 93 0.4623868
373 94 0.5919318
375 95 0.6955678
378 96 0.5660228
381 97 0.6178408
383 98 0.4364778
385 99 0.5919318
388 100 0.6696588
390 100 0.5142048
392 100 0.7214768
395 101 0.5142048
397 103 0.5660228
399 104 0.7214768
402 104 0.4364778
404 104 0.5919318
406 105 0.6437498
409 106 0.5660228
411 107 0.6178408
413 108 0.5660228
416 109 0.5919318
418 109 0.6178408
421 110 0.4364778
424 111 0.5919318
426 112 0.4623868
428 113 0.4882958
431 114 0.6696588
433 115 0.5142048
435 115 0.5660228
438 116 0.4623868
440 117 0.5660228
442 117 0.4882958
445 118 0.5660228
447 119 0.7214768
449 119 0.5660228
452 120 0.6696588
454 121 0.5401138
457 121 0.5919318
459 121 0.5142048
461 122 0.5401138
465 123 0.7214768
467 124 0.5660228
469 125 0.5919318
472 126 0.5401138
474 127 0.5660228
476 127 0.7473858
479 127 0.4882958
481 128 0.6696588
483 128 0.7214768
486 130 0.5142048
488 130 0.6955678
490 131 0.4105688
493 132 0.5919318
495 132 0.7214768
497 133 0.5142048
500 134 0.6178408
502 134 0.3069328
504 135 0.5919318
508 136 0.6696588
510 137 0.5660228
512 137 0.6178408
515 138 0.5660228
517 139 0.6178408
519 140 0.1255698
522 141 0.1255698
524 142 0.0996608
526 142 0.0737518
529 142 0.0737518
531 143 0.0996608
533 144 0.0737518
536 145 0.0737518
538 145 0.0478428
540 146 0.0478428
543 146 0.0996608
545 147 0.0478428
547 147 0.0737518
551 148 0.0219338
553 149 0.0219338
555 148 0.3069328
558 149 1.2396568
560 148 0.3846598
562 150 1.0842028
565 149 0.4364778
567 151 1.5764738
569 151 0.3587508
572 153 1.3173838
574 152 2.1464718
576 151 1.2137478
579 152 2.3278348
581 152 1.8096548
583 153 1.3951108
586 152 0.4623868
588 154 0.4623868
591 153 0.0996608
594 153 0.0737518
596 153 0.0737518
598 153 0.0478428
601 153 0.0478428
603 153 0.0478428
