0 -2 0.4105688
3 -2 0.0996608
5 -2 0.2551148
7 -2 0.0737518
10 -2 0.2032968
12 -2 0.2032968
14 -2 0.1255698
17 -2 0.2810238
19 -2 0.0996608
21 -2 0.1514788
24 -2 0.0996608
26 -5 2.8978328
29 -5 2.8978328
31 -5 2.7941968
34 -5 2.5610158
37 -5 2.7682878
39 -4 2.5351068
41 -4 1.9391998
44 -5 2.7682878
46 -5 2.6646518
48 -4 2.6128338
51 -4 2.6128338
53 -4 2.5869248
55 -4 2.6387428
58 -3 1.5764738
60 -2 1.6282918
62 -2 1.7837458
65 -2 1.9132908
67 -2 2.0946538
69 -2 2.1723808
72 -2 2.3278348
74 -2 2.4573798
77 -2 2.5869248
80 0 1.6023828
82 0 1.9132908
84 -1 2.2241988
87 -1 1.2655658
89 0 1.7837458
91 0 2.2760168
94 0 1.6023828
96 0 2.1723808
98 1 1.6542008
101 2 1.2655658
103 2 1.9651088
105 2 1.6801098
108 3 1.4728378
110 4 1.2914748
112 4 1.1619298
115 4 1.1619298
117 5 1.1101118
120 5 1.2396568
123 6 1.2655658
125 6 1.3432928
127 6 1.5764738
130 7 1.0323848
132 7 1.2396568
134 7 1.3951108
137 8 0.9287488
139 9 1.2137478
141 9 1.4210198
144 10 0.9546578
146 11 1.1878388
148 11 1.3173838
151 11 1.4728378
153 12 1.0064758
155 12 1.1619298
158 12 1.3692018
160 12 1.4469288
163 14 1.0323848
166 14 1.2137478
168 14 1.3692018
170 14 0.9546578
173 15 1.1878388
175 16 1.3432928
177 17 0.9805668
180 17 1.2396568
182 18 0.8510218
184 19 1.2137478
187 19 0.9028398
189 19 1.1619298
191 20 1.1619298
194 21 1.1619298
196 21 0.8769308
199 22 1.1619298
201 23 0.8769308
203 23 1.2137478
207 23 1.0323848
209 24 0.8251128
211 24 1.1619298
214 24 1.0064758
216 25 0.7732948
218 26 1.1360208
221 27 1.0323848
223 27 0.8510218
225 28 1.1619298
228 29 0.9546578
230 29 0.9028398
232 30 1.1101118
235 31 0.9805668
237 31 1.2396568
239 31 1.0842028
242 33 0.9546578
244 33 1.2396568
247 34 1.0842028
250 34 0.9287488
252 35 0.7473858
254 35 1.1101118
257 36 0.9805668
259 37 0.8769308
261 38 1.1619298
264 39 1.0323848
266 39 0.9287488
268 40 0.7992038
271 40 1.1360208
273 41 1.0582938
275 41 0.9546578
278 42 0.7992038
280 42 1.0064758
282 42 1.1101118
285 43 1.0323848
287 44 0.9028398
290 44 0.8510218
293 45 0.7732948
295 46 1.0842028
297 46 1.0064758
300 47 0.9546578
302 48 0.7992038
304 49 1.1101118
307 49 1.0842028
309 50 0.9287488
311 51 0.7992038
314 51 1.2137478
316 51 1.0582938
318 52 1.0064758
321 53 0.8251128
323 53 0.9028398
325 55 1.1360208
328 55 1.0323848
330 56 0.8510218
333 57 1.1878388
336 57 1.1360208
338 58 0.9287488
341 58 0.7732948
343 59 1.1360208
345 59 1.0323848
348 60 0.8769308
350 60 0.7473858
352 61 1.1101118
355 62 1.0064758
357 63 0.9546578
359 63 0.8251128
362 63 1.1360208
364 64 1.0582938
366 65 0.9287488
369 66 0.8251128
371 66 0.9805668
373 67 1.0582938
377 68 1.0064758
379 68 0.8769308
381 70 0.8251128
384 70 0.7473858
386 70 1.0582938
388 71 1.0323848
391 71 0.9805668
393 72 0.9287488
395 73 0.8251128
398 73 0.8251128
400 74 1.0842028
402 74 1.0323848
405 75 0.9028398
407 75 0.7732948
409 76 1.1878388
412 78 1.0842028
414 78 0.9546578
416 79 0.8251128
420 79 1.1619298
422 80 1.0582938
424 81 1.0064758
427 82 0.8510218
429 82 1.1878388
431 83 1.0582938
434 83 0.9287488
436 83 0.7732948
438 84 1.1360208
441 85 0.9805668
443 86 0.9028398
445 87 0.7732948
448 87 1.1101118
450 88 1.0582938
452 88 0.9805668
455 89 0.8510218
457 89 0.7473858
459 90 1.0842028
463 91 1.0842028
465 92 0.9546578
467 93 0.8769308
470 93 1.2137478
472 93 1.0842028
474 94 0.9287488
477 95 0.7992038
479 95 1.1360208
481 97 1.0323848
484 98 0.8769308
486 98 1.0842028
489 98 1.0842028
491 99 0.9287488
493 99 0.7992038
496 100 1.1360208
498 100 0.9805668
500 101 1.2396568
504 102 1.0842028
506 103 0.8251128
508 103 1.1360208
511 104 0.9805668
513 103 0.8251128
515 105 1.0582938
518 106 0.9805668
520 106 0.8251128
522 107 1.1360208
525 108 1.0323848
527 108 0.9287488
529 109 0.8769308
532 109 0.7992038
534 110 1.1101118
536 110 1.0323848
539 112 0.8510218
541 112 0.8510218
543 113 1.1101118
547 113 0.9805668
549 114 0.9028398
551 115 0.7214768
554 115 1.0842028
556 116 1.0323848
558 117 0.9546578
561 117 0.7992038
563 117 1.1101118
565 118 1.0582938
568 119 0.9287488
570 119 0.8510218
572 119 1.0842028
575 120 1.0064758
577 121 0.7992038
579 121 1.1360208
582 121 1.0323848
584 122 0.9287488
586 123 0.8251128
590 123 1.1101118
592 124 0.9805668
594 125 0.8769308
597 125 1.2396568
599 126 1.0842028
601 126 0.9287488
604 127 1.1878388
606 127 1.0323848
608 128 0.8251128
611 128 1.1360208
613 129 0.9805668
615 129 0.8510218
618 130 1.1360208
620 130 0.9805668
623 131 0.8510218
625 131 1.1878388
627 132 1.0842028
631 133 0.9287488
633 133 0.7992038
635 134 1.1360208
638 134 0.9805668
640 134 0.8251128
642 135 1.1619298
645 136 1.0064758
647 137 0.8251128
649 137 1.1360208
652 138 1.0064758
654 139 0.8769308
656 139 0.6696588
659 140 0.8769308
661 140 0.4882958
663 141 0.3069328
666 142 0.2810238
668 142 0.5401138
670 142 0.5401138
674 143 0.5142048
676 144 0.4364778
678 145 0.1514788
681 145 0.1255698
683 145 0.0737518
685 145 0.0478428
688 146 0.0996608
690 146 0.0996608
692 147 0.0737518
695 147 0.0737518
697 148 0.0478428
699 148 0.0737518
702 149 0.2032968
704 149 0.0737518
706 149 0.0996608
709 149 0.0478428
711 150 0.1773878
713 150 0.1255698
717 150 0.0996608
719 150 0.1255698
721 151 0.0478428
724 151 0.0478428
726 151 0.0737518
728 152 0.0737518
731 152 0.0478428
733 152 0.8251128
735 151 0.2032968
738 152 0.3069328
740 152 0.0996608
742 152 0.0737518
745 152 0.0996608
747 152 0.0737518
749 152 0.0219338
