0 -2 0.0737518
3 -2 0.1514788
6 -2 0.1255698
8 -2 0.1773878
10 -1 0.0737518
13 -1 0.1773878
15 -2 0.0737518
17 -4 2.9237418
20 -4 3.0014688
22 -4 2.3796528
24 -4 2.8201058
27 -4 2.6128338
29 -4 2.2760168
31 -4 2.2501078
34 -3 2.3796528
36 -3 2.5610158
38 -2 1.7837458
41 -2 2.1982898
43 -1 1.6023828
46 -2 2.1982898
49 -1 1.7319278
51 0 1.3951108
53 -1 2.1464718
56 0 1.7837458
58 0 1.6282918
60 0 1.5764738
63 0 1.4987468
65 1 1.5246558
67 2 1.5505648
70 3 1.6801098
72 4 1.1101118
74 4 1.2914748
77 4 0.9287488
79 5 1.1878388
81 6 0.9028398
84 6 1.2137478
86 7 1.0842028
89 8 0.9805668
92 8 0.9028398
94 8 0.8769308
96 9 0.8251128
99 10 0.7992038
101 11 0.8510218
103 11 0.9028398
106 12 0.9028398
108 12 0.9028398
110 13 0.9287488
113 14 0.6178408
115 15 0.6437498
117 15 0.7214768
120 15 0.7732948
122 16 0.7992038
125 17 0.8510218
127 18 0.8769308
129 19 0.6178408
133 20 0.6696588
135 20 0.7732948
137 21 0.8251128
140 22 0.5401138
142 23 0.6178408
144 23 0.7214768
147 24 0.6178408
149 24 0.6437498
151 25 0.6437498
154 25 0.3587508
156 27 0.6437498
158 28 0.3846598
161 28 0.6178408
163 29 0.4105688
165 31 0.5660228
168 31 0.5660228
170 32 0.5142048
172 32 0.4364778
176 34 0.5142048
178 34 0.4105688
180 35 0.6178408
183 36 0.3328418
185 37 0.6178408
187 38 0.4105688
190 39 0.6437498
192 39 0.5142048
194 40 0.6437498
197 41 0.4882958
199 42 0.5401138
201 42 0.5142048
204 42 0.5660228
206 43 0.4623868
208 44 0.5919318
211 45 0.3587508
213 46 0.6696588
216 47 0.4364778
219 47 0.6178408
221 49 0.5401138
223 50 0.3328418
226 50 0.5660228
228 51 0.3069328
230 51 0.6178408
233 53 0.4364778
235 53 0.5660228
237 54 0.5401138
240 55 0.2551148
242 56 0.5660228
244 57 0.4105688
247 58 0.6178408
249 59 0.5142048
251 59 0.5401138
254 59 0.4882958
256 60 0.5142048
259 61 0.5142048
262 63 0.5919318
264 63 0.4623868
267 64 0.5142048
269 65 0.4623868
271 65 0.4623868
274 66 0.5142048
276 67 0.4105688
278 68 0.6178408
281 69 0.3587508
283 70 0.5919318
285 71 0.4364778
288 71 0.6178408
290 72 0.5401138
292 73 0.4882958
295 74 0.5660228
297 74 0.3587508
299 75 0.5919318
303 75 0.4364778
305 77 0.4882958
307 78 0.4882958
310 78 0.5142048
312 79 0.4882958
314 80 0.5660228
317 81 0.6955678
319 82 0.5919318
321 83 0.6178408
324 83 0.5142048
326 84 0.5919318
328 85 0.5142048
331 86 0.6178408
333 87 0.3328418
335 88 0.6437498
338 88 0.3069328
340 89 0.6178408
342 90 0.4105688
346 90 0.6437498
348 92 0.5919318
350 93 0.4364778
353 93 0.6955678
355 94 0.4882958
357 95 0.6696588
360 95 0.4882958
362 97 0.6696588
364 97 0.5142048
367 99 0.5401138
369 99 0.6955678
371 100 0.4623868
374 100 0.6437498
376 101 0.5660228
378 102 0.5919318
381 104 0.7214768
383 104 0.3587508
385 104 0.6696588
389 106 0.3069328
391 106 0.6437498
393 107 0.3846598
396 108 0.6178408
398 109 0.4364778
401 106 3.4160128
403 108 3.5196488
405 111 0.9028398
408 112 0.8769308
410 113 0.7992038
412 113 0.8251128
415 114 0.8251128
417 115 0.8510218
419 115 0.5919318
422 116 0.5919318
424 117 0.6955678
426 117 0.7214768
430 118 0.5401138
432 118 0.7473858
434 119 0.5142048
437 120 0.5660228
439 120 0.7214768
441 121 0.4882958
444 121 0.6955678
446 122 0.6955678
448 123 0.5919318
451 124 0.6955678
453 125 0.7732948
455 125 0.5919318
458 127 0.5919318
460 127 0.7732948
462 127 0.7473858
465 128 0.5919318
467 128 0.6696588
469 129 0.7214768
473 130 0.3846598
475 130 0.6696588
477 132 0.7473858
480 132 0.4623868
482 133 0.6437498
484 134 0.3069328
487 134 0.5660228
489 135 0.5142048
491 136 0.5919318
494 136 0.4364778
496 137 0.5401138
498 138 0.4364778
501 139 0.5142048
503 140 0.1255698
505 140 0.0478428
508 141 0.0478428
510 142 0.0737518
512 142 0.1255698
516 142 0.0996608
518 143 0.0996608
520 144 0.1255698
523 145 0.0996608
525 145 0.0219338
527 146 0.0737518
530 146 0.0478428
532 147 0.0478428
534 148 0.0737518
537 148 0.0737518
539 149 0.2292058
541 149 0.2810238
544 149 0.4623868
546 150 1.0064758
549 149 0.3846598
551 151 1.2914748
553 149 0.1514788
556 152 0.5401138
559 150 0.5401138
561 152 0.8769308
564 151 0.8510218
566 152 0.6178408
568 153 1.4469288
571 151 0.6437498
573 152 0.4105688
575 153 0.6437498
578 153 0.1773878
580 153 0.1514788
582 153 0.1255698
585 153 0.0478428
587 153 0.0478428
