0 153 0.0478428
13 153 0.0737518
26 153 0.0478428
40 153 0.0219338
53 152 -0.0298842
66 153 0.0737518
80 153 0.2292058
93 152 0.2551148
106 152 0.0737518
119 151 0.1514788
134 150 0.0478428
147 150 0.0478428
160 150 0.0996608
174 150 0.1773878
187 149 0.0478428
200 149 0.0996608
214 147 0.2551148
227 147 -0.0817022
240 147 0.0996608
254 147 0.0737518
267 147 0.0996608
280 146 0.0996608
294 145 0.1255698
307 145 0.0737518
320 145 0.0478428
333 145 0.0737518
347 144 0.0996608
360 143 0.0219338
373 142 0.0996608
387 141 0.0996608
400 142 0.0737518
413 142 0.2292058
427 142 0.2810238
440 142 0.0737518
453 140 0.1255698
467 139 0.3328418
480 139 0.1255698
493 138 0.0737518
507 138 0.0737518
520 139 0.1514788
533 138 0.2032968
548 137 0.3846598
561 136 0.2292058
574 136 0.0219338
587 136 0.0478428
601 137 0.4364778
614 136 0.4623868
627 135 0.1255698
641 134 0.1255698
654 134 0.0737518
667 134 0.0478428
681 134 0.0996608
694 134 0.4364778
707 133 0.0737518
721 132 0.0996608
734 131 0.1255698
747 130 0.1255698
761 130 0.0737518
774 131 0.2810238
787 130 0.1255698
800 130 0.0996608
814 129 0.3846598
827 128 0.0737518
840 128 0.0478428
854 128 0.0996608
867 127 0.0737518
880 127 0.0737518
894 127 0.0737518
907 125 0.0219338
920 125 0.0737518
934 125 0.0478428
948 124 0.0737518
961 124 0.0478428
975 123 0.0996608
988 122 0.0996608
1001 122 0.0478428
1014 123 0.0478428
1028 123 0.3069328
1041 122 0.2032968
1054 122 0.0478428
1068 121 0.0737518
1081 121 0.0996608
1094 120 0.0737518
1108 120 0.0737518
1121 120 0.0996608
1134 119 0.1255698
1148 119 0.0996608
1161 118 0.3328418
1174 117 0.0996608
1188 117 0.0737518
1201 117 0.0478428
1214 117 0.2032968
1227 116 0.0737518
1241 116 0.1255698
1254 115 0.0737518
1267 114 0.2032968
1281 114 0.0996608
1294 114 0.1514788
1307 114 0.1514788
1321 113 0.1255698
1334 112 0.2551148
1347 109 0.7473858
1362 111 0.0737518
1375 111 0.1255698
1388 111 0.4105688
1402 111 0.1514788
1415 110 0.1255698
1428 109 0.0996608
1441 108 0.1255698
1455 108 0.0996608
1468 108 0.0478428
1481 108 0.0737518
1495 108 0.0737518
1508 106 0.1255698
1521 106 0.0996608
1535 106 0.0737518
1548 106 0.0219338
1561 106 0.0737518
1575 105 0.0737518
1588 104 0.9546578
1601 104 0.0478428
1615 104 0.1255698
1628 104 0.2551148
1641 104 0.5660228
1654 103 0.4623868
1668 100 0.2292058
1681 100 0.2032968
1694 101 0.0219338
1708 101 0.0996608
1721 101 0.1255698
1734 101 0.0996608
1748 100 0.0737518
1761 100 0.0737518
1775 98 0.5401138
1789 98 0.0996608
1802 98 0.0737518
1815 98 0.0996608
1829 97 0.0737518
1842 96 0.4623868
1855 95 0.0996608
1868 95 0.0478428
1882 95 0.0737518
1895 95 0.1514788
1908 95 0.1255698
1922 93 0.3587508
1935 93 0.1255698
1948 93 0.0737518
1962 93 0.1773878
1975 93 0.3069328
1988 93 0.2032968
2002 91 0.1255698
2015 90 0.0478428
2028 90 0.0737518
2042 90 0.0737518
2055 91 0.2551148
2068 91 0.3069328
2081 90 0.1773878
2095 89 0.0996608
2108 88 0.1255698
2121 87 0.0478428
2135 87 0.0737518
2148 87 0.0996608
2161 87 0.0737518
2175 87 0.0478428
2189 86 0.0219338
2202 83 1.2914748
2216 84 0.0996608
2229 84 0.0996608
2242 84 0.1773878
2256 84 0.1773878
2269 84 0.0478428
2282 83 0.0996608
2295 82 0.1514788
2309 82 0.0996608
2322 82 0.0219338
2335 82 0.0996608
2349 80 0.3328418
2362 80 0.1255698
2375 79 0.0478428
2389 79 0.1255698
2402 79 0.4623868
2415 79 0.3587508
2429 79 0.0996608
2442 77 0.1514788
2455 73 1.6023828
2469 75 0.0478428
2482 76 0.0737518
2495 76 0.2032968
2508 76 0.1773878
2522 75 0.2551148
2535 74 0.2032968
2548 74 0.0737518
2562 74 0.0737518
2575 74 0.0737518
2588 74 0.0219338
2603 74 0.1773878
2616 72 0.2810238
2629 70 0.3069328
2643 71 0.0478428
2656 71 0.0996608
2669 71 0.1514788
2683 71 0.2292058
2696 70 0.1255698
2709 69 0.2292058
2722 68 0.8510218
2736 68 0.0996608
2749 68 0.0478428
2762 68 0.2032968
2776 68 0.3587508
2789 68 0.1514788
2802 66 0.2551148
2816 65 0.1514788
2829 65 0.0478428
2842 65 0.1773878
2856 65 0.4623868
2869 65 0.1514788
2882 64 0.0219338
2896 63 0.0478428
2909 63 0.0478428
2922 62 0.2032968
2935 62 0.0737518
2949 62 0.0737518
2962 61 0.0737518
2975 60 0.1514788
2989 60 0.0996608
3002 60 0.0478428
3016 60 0.0737518
3030 60 0.3328418
3043 60 0.2551148
3056 59 0.4364778
3070 59 0.0996608
3083 57 0.0737518
3096 56 1.6023828
3110 56 0.0996608
3123 56 0.0478428
3136 56 0.2810238
3149 56 0.0737518
3163 55 0.0996608
3176 54 0.2292058
3189 53 0.0737518
3203 53 0.0737518
3216 54 0.2292058
3229 54 0.3328418
3243 53 0.0478428
3256 52 0.1255698
3269 51 0.0737518
3283 51 0.0478428
3296 51 0.2032968
3309 51 0.1255698
3323 51 0.0737518
3336 50 0.0996608
3349 49 0.0737518
3362 48 1.1360208
3376 47 0.0478428
3389 48 0.1255698
3402 48 0.2551148
3416 48 0.1514788
3430 47 0.0737518
3443 46 0.1255698
3457 45 0.2551148
3470 44 0.1255698
3483 45 0.0996608
3497 44 0.1255698
3510 44 0.0478428
3523 44 0.0737518
3537 43 0.3846598
3550 42 0.0737518
3563 43 0.0737518
3577 43 0.1255698
3590 42 0.0737518
3603 42 0.0737518
3616 41 0.0996608
3630 41 0.1255698
3643 40 0.0478428
3656 40 0.0737518
3670 40 0.0737518
3683 39 0.0737518
3696 38 0.0737518
3710 37 0.1255698
3723 37 0.0737518
3736 37 0.0737518
3750 36 0.1255698
3763 37 0.0478428
3776 36 0.3069328
3789 34 0.0737518
3803 34 0.1255698
3816 34 0.1514788
3829 34 0.2032968
3844 34 0.0737518
3857 34 0.0737518
3870 32 0.0996608
3884 31 0.2810238
3897 31 0.2292058
3910 31 0.0996608
3924 31 0.0996608
3937 31 0.2551148
3950 31 0.2551148
3964 29 0.0737518
3977 27 0.5919318
3990 28 0.1255698
4004 28 0.0737518
4017 29 0.0737518
4030 29 0.0478428
4043 28 0.0996608
4057 28 0.0478428
4070 27 0.3069328
4083 26 0.2292058
4097 25 0.1255698
4110 25 0.0737518
4123 25 0.0996608
4137 25 0.2810238
4150 25 0.1514788
4163 24 0.0478428
4177 24 0.0478428
4190 23 0.0737518
4203 23 0.0737518
4217 22 0.0219338
4230 21 0.0478428
4243 21 0.0996608
4257 20 0.1255698
4271 20 0.0737518
4284 20 0.0737518
4297 20 0.1255698
4311 20 0.1773878
4324 19 0.0737518
4337 17 0.5660228
4351 17 0.0737518
4364 17 0.0737518
4377 17 0.4364778
4391 17 0.3587508
4404 17 0.1255698
4417 15 0.1514788
4431 15 0.2032968
4444 15 0.0478428
4457 15 0.0478428
4470 14 0.1255698
4484 14 0.1255698
4497 13 0.0996608
4510 13 0.0996608
4524 12 0.1514788
4537 12 0.0737518
4550 12 0.2032968
4564 12 0.0737518
4577 12 0.2032968
4590 10 0.1514788
4604 9 0.2292058
4617 9 0.1514788
4630 9 0.0478428
4644 9 0.1773878
4657 9 0.1514788
4671 8 0.0478428
4684 7 0.0737518
4698 6 0.3328418
4711 6 0.2032968
4724 6 0.0737518
4738 6 0.1514788
4751 6 0.0996608
4764 6 0.0996608
4778 5 0.0478428
4791 4 0.0737518
4804 3 0.2292058
4818 3 0.0737518
4831 3 0.0737518
4844 2 0.1773878
4858 2 0.0478428
4871 1 -0.0039752
4884 1 0.0737518
4897 0 0.0737518
4911 0 0.0478428
4924 0 0.0996608
4937 0 0.0219338
4951 0 0.1255698
