0 -1 0.1514788
3 -1 0.0737518
6 -1 0.1255698
8 -4 2.9496508
11 -4 2.6905608
13 -4 2.8201058
15 -3 2.0428358
18 -4 2.7682878
20 -4 2.6905608
22 -3 2.5351068
25 -2 2.5351068
27 -2 2.6128338
29 -1 1.6801098
32 -2 2.0169268
34 -2 2.4573798
36 -1 1.7578368
39 -1 2.2241988
41 0 1.7060188
43 -1 2.3278348
46 0 1.7837458
49 0 1.2914748
51 0 1.9910178
54 0 1.6542008
56 1 1.3432928
58 1 1.7837458
61 2 1.8873818
63 3 1.7319278
65 3 1.6542008
68 4 1.6542008
70 4 1.8096548
72 5 1.0842028
75 5 1.2914748
77 6 1.4469288
79 6 1.1360208
82 7 1.3173838
84 7 1.1619298
86 8 0.9546578
90 9 0.7992038
92 9 0.9546578
94 10 1.0582938
97 10 0.9805668
99 11 0.9805668
101 12 0.9287488
104 12 0.9028398
106 12 0.8510218
108 13 0.8251128
111 14 0.6696588
113 14 0.7214768
115 15 1.0323848
118 15 1.0323848
120 16 1.0064758
122 17 0.9546578
125 18 0.9287488
127 19 0.9028398
129 20 0.8251128
133 20 0.7992038
135 21 0.7992038
137 22 0.7732948
140 23 0.7214768
142 23 0.7732948
144 24 0.6696588
147 24 0.7992038
149 24 0.7732948
151 25 0.8769308
154 25 0.7732948
156 27 0.5660228
159 28 0.6437498
161 28 0.7473858
163 29 0.7992038
166 31 0.5919318
168 31 0.6437498
170 31 0.7732948
173 32 0.5142048
176 33 0.5919318
178 33 0.7214768
181 34 0.4882958
183 35 0.6178408
185 36 0.7473858
188 36 0.7992038
190 38 0.4364778
192 39 0.6696588
195 39 0.6955678
197 40 0.8251128
199 41 0.5660228
202 41 0.5919318
204 42 0.7732948
206 42 0.7732948
209 42 0.5401138
211 43 0.6437498
213 44 0.6955678
216 44 0.3846598
219 46 0.6178408
221 47 0.6955678
224 47 0.7992038
226 49 0.6178408
228 49 0.6437498
231 50 0.7473858
233 51 0.5142048
235 51 0.6178408
238 52 0.7473858
240 53 0.5142048
242 53 0.5919318
245 55 0.7473858
247 55 0.5660228
249 56 0.4882958
252 57 0.7473858
254 58 0.4364778
256 59 0.5660228
259 59 0.6696588
262 59 0.7732948
264 60 0.5142048
267 61 0.6955678
269 62 0.6955678
271 63 0.5919318
274 64 0.5919318
276 64 0.5919318
278 64 0.7992038
281 65 0.4623868
283 67 0.5919318
285 67 0.6955678
288 68 0.7732948
290 69 0.4364778
293 70 0.6955678
295 71 0.7473858
297 72 0.3846598
300 72 0.6696588
302 73 0.6955678
305 74 0.4882958
308 74 0.6437498
310 75 0.7473858
312 75 0.4364778
315 76 0.6696588
317 78 0.6955678
319 78 0.5660228
322 79 0.7473858
324 80 0.7732948
326 81 0.5401138
329 82 0.6178408
331 82 0.7473858
333 83 0.3587508
336 83 0.6437498
338 84 0.6696588
340 85 0.8251128
343 86 0.5142048
346 87 0.5401138
348 88 0.7473858
351 88 0.7992038
353 89 0.4882958
355 90 0.6178408
358 90 0.7214768
360 91 0.5142048
362 92 0.6696588
365 93 0.6696588
367 93 0.6437498
369 94 0.6178408
372 95 0.7214768
374 95 0.7992038
376 97 0.5401138
379 98 0.6437498
381 99 0.7214768
383 99 0.5660228
386 100 0.6696588
389 100 0.7732948
391 101 0.8510218
394 103 0.2810238
396 104 0.6955678
398 104 0.6437498
401 104 0.7214768
403 105 0.5401138
405 106 0.6955678
408 106 0.6955678
410 107 0.5401138
412 109 0.5660228
415 109 0.7732948
417 109 0.6437498
419 110 0.4623868
422 112 0.6955678
424 113 0.6955678
426 113 0.5401138
429 114 0.6178408
432 115 0.6955678
434 115 0.5142048
437 116 0.6696588
439 117 0.5401138
441 118 0.5401138
444 118 0.7214768
446 119 0.4105688
449 119 0.5919318
451 120 0.6696588
453 121 0.5401138
456 121 0.6696588
458 121 0.7214768
460 122 0.5142048
463 123 0.4882958
465 124 0.7732948
467 125 0.7214768
470 126 0.5660228
472 127 0.6696588
475 127 0.7473858
478 127 0.7992038
480 128 0.6178408
482 128 0.6437498
485 129 0.7992038
487 130 0.7992038
489 131 0.3846598
492 131 0.6955678
494 132 0.6437498
496 132 0.5401138
499 133 0.5401138
501 134 0.6696588
503 134 0.6955678
506 135 0.6178408
508 136 0.5142048
510 136 0.7732948
513 137 0.5142048
515 138 0.4882958
518 139 0.7214768
521 140 0.1773878
523 141 0.2810238
525 141 0.0737518
528 142 0.0996608
530 142 0.0996608
532 143 0.0996608
535 144 0.0996608
537 145 0.0996608
539 145 0.0478428
542 145 0.0737518
544 146 0.0478428
546 146 0.0996608
549 147 0.0478428
551 148 0.0478428
553 148 0.4882958
556 149 0.0737518
558 149 1.0842028
561 148 0.3069328
564 150 0.7992038
566 150 0.9546578
568 151 0.6437498
571 151 0.8251128
573 151 0.2810238
575 152 1.3692018
578 151 0.3846598
580 153 2.0946538
583 151 1.5505648
585 152 0.6696588
587 153 1.3951108
590 153 0.3328418
592 153 0.6437498
594 153 0.0996608
597 153 0.1773878
599 153 0.0737518
602 153 -0.0039752
605 153 0.0737518
607 153 0.0737518
609 153 0.0737518
612 152 0.0478428
614 152 0.4623868
616 151 0.1514788
619 152 0.6437498
621 151 0.2032968
623 152 0.5660228
626 151 0.1773878
628 152 0.2292058
630 152 0.0996608
633 152 0.1255698
635 152 0.0737518
637 152 0.0996608
640 152 0.0478428
642 153 0.0219338
645 153 0.0737518
648 153 0.0219338
650 153 0.1255698
