0 -2 0.1514788
3 -2 0.2810238
5 -2 0.0996608
7 -2 0.2032968
10 -2 0.0219338
12 -2 0.1773878
14 -2 0.1255698
17 -2 0.1773878
19 -2 0.2810238
21 -2 0.1773878
24 -2 0.2810238
26 -5 2.9496508
28 -5 2.8978328
31 -5 2.9237418
34 -5 2.7423788
37 -4 1.5764738
39 -5 2.7423788
41 -5 2.6387428
44 -4 2.4314708
46 -4 2.4055618
48 -4 2.5091978
51 -4 1.9391998
53 -2 1.7060188
55 -2 2.0946538
58 -3 1.5505648
60 -2 1.8096548
62 -2 2.3796528
65 -2 1.7837458
67 -2 2.3796528
69 -1 1.7578368
72 0 1.2655658
74 0 1.9651088
77 0 1.6542008
80 0 1.2914748
82 0 2.1205628
84 0 1.7837458
87 1 1.6542008
89 2 1.6023828
91 2 1.5505648
94 3 1.5246558
96 4 1.6282918
98 4 0.9805668
101 4 1.1878388
103 5 1.3432928
105 6 0.9546578
108 6 1.2396568
110 7 0.9546578
112 7 1.2137478
115 8 1.1360208
117 8 0.9028398
120 9 0.7992038
123 9 1.0842028
125 10 1.1101118
127 11 0.9805668
130 12 0.9287488
132 12 0.7992038
134 12 0.8510218
137 13 1.1101118
139 14 1.0582938
141 14 1.0064758
144 15 0.9028398
146 15 0.7732948
148 15 0.8251128
151 16 1.0582938
153 17 1.0323848
156 19 1.0064758
158 19 0.9287488
160 20 0.8769308
164 20 0.7992038
166 21 0.7214768
168 21 0.8510218
171 22 1.0582938
173 23 0.9805668
175 23 0.9805668
178 24 0.9546578
180 24 0.9028398
182 24 0.6696588
185 25 0.6696588
187 27 0.7214768
189 28 0.7473858
192 28 0.7732948
194 29 0.8251128
196 30 0.7992038
199 31 0.7992038
201 31 0.6437498
203 32 0.5401138
207 32 0.7732948
209 33 0.7473858
211 34 0.6437498
214 34 0.6437498
216 35 0.7214768
218 36 0.7992038
221 37 0.8251128
223 38 0.6178408
225 39 0.6178408
228 40 0.7473858
230 40 0.7732948
232 40 0.7992038
235 41 0.8769308
237 42 0.6178408
239 42 0.5660228
242 42 0.7732948
244 43 0.7732948
247 44 0.8510218
250 45 0.6437498
252 46 0.6437498
254 47 0.7214768
257 47 0.7732948
259 49 0.5660228
261 50 0.5919318
264 50 0.6955678
266 51 0.7473858
268 51 0.5660228
271 52 0.6437498
273 53 0.7992038
275 53 0.7732948
278 55 0.5660228
280 56 0.6696588
282 56 0.7473858
285 57 0.8251128
287 58 0.6178408
290 59 0.6437498
293 59 0.7214768
295 59 0.8510218
297 60 0.7992038
300 61 0.6178408
302 62 0.5919318
304 63 0.7992038
307 63 0.7473858
309 64 0.6178408
311 65 0.6437498
314 65 0.7214768
316 66 0.7992038
319 67 0.4105688
321 68 0.6437498
323 69 0.6696588
326 70 0.7992038
328 71 0.4882958
330 71 0.7473858
334 71 0.7473858
336 72 0.5660228
338 74 0.5919318
341 74 0.7732948
343 74 0.7473858
345 75 0.4623868
348 75 0.6696588
350 77 0.7214768
352 78 0.6437498
355 78 0.6178408
357 79 0.7473858
359 80 0.7992038
362 81 0.8510218
364 82 0.5919318
366 83 0.6178408
369 83 0.7732948
371 83 0.7992038
373 84 0.5660228
377 86 0.5919318
379 86 0.7214768
381 87 0.7732948
384 88 0.8769308
386 88 0.5919318
388 89 0.6955678
391 90 0.7473858
393 90 0.7992038
395 92 0.5919318
398 92 0.6437498
400 93 0.7732948
402 93 0.7992038
405 95 0.6178408
407 95 0.6178408
409 96 0.7732948
412 97 0.7732948
414 98 0.6178408
416 99 0.6696588
420 99 0.7732948
422 100 0.8251128
424 100 0.6955678
427 102 0.5919318
429 102 0.6955678
431 103 0.7473858
434 104 0.7473858
436 104 0.8510218
438 105 0.5660228
441 106 0.6696588
443 106 0.7473858
445 107 0.8251128
448 108 0.7732948
450 109 0.6178408
452 109 0.6696588
455 110 0.7732948
457 111 0.8251128
459 113 0.4623868
463 113 0.6955678
465 114 0.7214768
467 114 0.7214768
470 115 0.5660228
472 116 0.7214768
475 117 0.7214768
477 117 0.5660228
479 118 0.5919318
482 118 0.7732948
484 119 0.8251128
486 119 0.5142048
489 120 0.6696588
491 121 0.7473858
493 121 0.8251128
496 121 0.4623868
498 122 0.6696588
500 123 0.7473858
504 124 0.7992038
506 125 0.6696588
508 126 0.6437498
511 127 0.6955678
513 127 0.7992038
515 127 0.7992038
518 128 0.9287488
520 128 0.5919318
522 129 0.6696588
525 130 0.7473858
527 130 0.7992038
529 131 0.7992038
532 132 0.5660228
534 132 0.6437498
536 133 0.6955678
539 134 0.7473858
541 134 0.7732948
543 135 0.6178408
547 136 0.6437498
549 136 0.7732948
551 137 0.8251128
554 138 0.5660228
556 139 0.6955678
558 140 0.1514788
561 141 0.0996608
563 142 0.0996608
565 142 0.0737518
568 142 0.0996608
570 143 0.0737518
572 144 0.1514788
575 144 0.0737518
577 145 0.0219338
579 145 0.0478428
582 146 0.0478428
584 146 0.0219338
586 147 0.0219338
590 147 0.0996608
592 148 0.0737518
594 149 0.1514788
597 149 0.1255698
599 149 0.9028398
601 149 0.2551148
604 150 0.6437498
606 150 0.2032968
608 151 0.7473858
611 151 0.7732948
613 151 0.1773878
615 152 0.5919318
618 151 0.4623868
620 153 1.7319278
623 151 0.5401138
625 152 0.6696588
627 153 0.7992038
631 152 0.4623868
633 153 0.4105688
635 153 0.1255698
638 153 0.0478428
640 153 0.0478428
642 153 0.0737518
645 153 0.0737518
647 153 0.0478428
