0 153 0.0737518
2 153 0.0996608
5 154 0.1255698
7 153 0.0996608
10 153 0.0737518
12 153 0.1514788
15 153 0.1514788
17 153 0.0737518
19 153 0.0478428
22 153 0.5919318
24 153 0.4623868
26 152 0.2032968
28 153 0.4105688
31 152 0.5919318
33 153 0.2551148
35 152 0.1514788
38 152 0.1773878
40 152 0.9028398
42 150 1.7837458
45 151 0.9028398
47 151 0.7214768
49 151 0.5660228
52 151 0.2551148
55 151 0.6178408
57 151 0.3587508
59 150 0.2551148
62 149 2.2501078
64 149 1.7319278
66 150 0.3069328
68 150 0.1773878
71 149 0.0996608
73 149 0.0996608
75 149 0.1255698
78 149 0.1514788
80 147 1.4987468
82 146 1.7319278
85 147 0.4364778
87 146 0.0737518
89 145 0.0737518
91 145 0.0737518
95 145 0.0996608
97 145 0.0737518
99 144 0.1773878
102 143 1.6542008
104 142 1.6282918
106 143 0.1773878
108 142 0.2551148
111 142 0.0737518
113 141 0.0737518
115 141 0.2292058
118 140 0.1255698
120 139 1.1878388
122 138 1.1101118
124 139 0.0737518
127 139 0.1255698
129 138 0.0996608
131 138 0.0996608
134 137 0.0996608
137 136 0.1514788
139 136 0.1255698
141 134 1.1878388
144 134 1.3692018
146 135 0.0478428
148 135 0.0219338
151 134 0.0737518
153 134 0.0737518
155 133 0.0737518
158 133 0.0478428
160 131 1.0842028
162 131 0.9805668
164 131 0.0737518
167 131 0.0478428
169 130 0.0737518
171 130 0.1773878
174 129 0.7732948
176 128 1.1360208
179 129 -1.0403352
181 126 1.4469288
184 126 1.5246558
186 127 0.0737518
188 127 0.0996608
191 126 0.0737518
193 125 0.0737518
195 125 0.4105688
197 124 0.7732948
200 122 0.9287488
202 121 1.0323848
204 122 1.5505648
207 121 1.0582938
209 120 0.7214768
211 119 1.3951108
214 121 1.2655658
216 120 0.5401138
218 121 -0.2112472
220 118 1.0842028
224 119 0.7473858
226 119 0.0737518
228 119 0.0737518
231 119 0.0737518
233 118 0.0737518
235 118 0.0737518
237 118 0.0478428
240 118 0.0737518
242 117 0.0478428
244 116 1.1878388
247 116 1.2655658
249 117 0.2551148
251 116 0.0478428
253 115 0.0737518
256 115 0.0737518
258 115 0.0737518
260 115 0.0478428
263 114 0.3328418
266 112 1.1878388
268 112 1.2396568
270 113 0.0737518
273 112 0.0996608
275 111 0.0737518
277 110 0.0478428
280 108 0.6178408
282 108 0.6437498
284 108 0.7473858
287 108 1.4987468
289 108 0.0219338
291 107 0.0478428
293 107 0.6437498
296 107 1.6023828
298 106 0.6955678
300 103 0.2032968
303 105 -0.2112472
305 103 0.7992038
308 103 0.5919318
310 104 1.1619298
313 103 0.4623868
315 102 0.0996608
317 102 0.0478428
320 102 1.2655658
322 101 1.3692018
324 100 0.7473858
326 100 0.8251128
329 100 0.0996608
331 100 0.1255698
333 100 0.0737518
336 100 0.1255698
338 100 0.0219338
340 100 0.0737518
343 99 0.5401138
345 98 1.3432928
347 98 1.4210198
350 98 0.2551148
353 98 0.2032968
355 98 0.0737518
357 98 0.0737518
360 97 0.0478428
362 96 0.0478428
364 94 1.0842028
366 94 1.8096548
369 95 0.1514788
371 95 0.1773878
373 94 0.3587508
376 93 0.2292058
378 93 0.9805668
380 91 0.4623868
382 92 0.4882958
385 90 1.4728378
387 89 1.2396568
389 90 0.4623868
393 90 0.0996608
395 90 0.2551148
397 90 0.5401138
399 89 0.2810238
402 89 0.1255698
404 87 1.7319278
406 87 1.8873818
409 88 0.1255698
411 88 0.0996608
413 88 0.3587508
416 87 0.2551148
418 87 0.0737518
420 87 0.0478428
422 85 1.2137478
425 84 1.6282918
427 84 0.6955678
429 84 0.0737518
432 84 0.0219338
435 83 0.5401138
437 83 0.1773878
439 83 0.0219338
442 83 0.0478428
444 81 1.7060188
446 80 1.7319278
449 82 0.0737518
451 82 0.1255698
453 81 0.1514788
456 80 0.1255698
458 80 0.1255698
460 80 0.1255698
462 78 1.0582938
465 77 1.4469288
467 78 0.0737518
469 78 0.0478428
472 76 0.0737518
474 76 0.0478428
476 75 0.0478428
479 72 2.0428358
482 72 1.5764738
484 73 1.1878388
486 73 1.0842028
489 73 0.0478428
491 73 0.1255698
493 72 0.0737518
495 71 0.0478428
498 71 1.6542008
500 70 1.1360208
502 70 1.2137478
505 69 1.6542008
507 70 0.3846598
509 69 0.0478428
511 69 0.0737518
514 68 0.0478428
516 68 0.0737518
518 67 1.0064758
522 66 0.3587508
524 65 1.2914748
526 65 1.2914748
529 65 0.2032968
531 65 0.1255698
533 64 0.3069328
535 64 0.1773878
538 64 0.1255698
540 64 0.1514788
542 62 1.5246558
545 62 1.4469288
547 63 0.5660228
549 63 0.1255698
551 62 0.0478428
554 62 0.0478428
556 61 0.0737518
558 60 0.1255698
561 60 -0.5221552
564 59 1.3432928
566 58 1.1878388
568 59 0.0737518
571 59 0.0737518
573 59 0.0996608
575 58 0.0478428
578 58 0.0996608
580 57 0.0478428
582 55 1.2137478
585 55 1.0582938
587 55 0.7473858
589 55 1.3173838
591 53 0.1773878
594 53 0.2292058
596 53 1.0064758
598 50 0.7992038
601 53 -0.7812452
603 51 1.5246558
606 50 1.0064758
608 51 0.0478428
611 51 0.0996608
613 51 0.0737518
615 50 0.0737518
618 50 0.0737518
620 50 0.0219338
622 49 1.0842028
624 48 1.4728378
627 49 0.1514788
629 48 0.1514788
631 47 0.0478428
634 47 0.1514788
636 46 0.3846598
638 46 0.0737518
640 46 0.0219338
643 44 1.3173838
645 44 1.1619298
647 44 0.0737518
651 44 0.0737518
653 43 0.0478428
655 44 0.1255698
658 43 0.1773878
660 42 0.1255698
662 41 1.9391998
664 41 1.7837458
667 42 0.2551148
669 42 0.0737518
671 41 0.2292058
674 41 0.3846598
676 41 0.0996608
678 40 0.0737518
680 40 0.8769308
683 38 1.5505648
685 38 1.5764738
687 39 0.0737518
691 38 0.0478428
693 38 0.0737518
695 37 0.1255698
697 36 0.1255698
700 36 0.2292058
702 34 1.3173838
704 33 1.4987468
707 34 0.2810238
709 34 0.5142048
711 33 0.1514788
714 32 0.0996608
716 32 0.0219338
718 32 0.0996608
720 31 1.0582938
723 30 1.3432928
725 30 0.4882958
727 30 0.0737518
730 29 0.0996608
732 29 0.0478428
735 28 0.0737518
737 27 0.5919318
740 26 0.6437498
742 26 1.1619298
744 25 1.3692018
747 26 0.1773878
749 25 0.1255698
751 25 0.9546578
753 25 1.5505648
756 24 0.5142048
758 23 0.0996608
760 23 0.6178408
763 23 1.1101118
765 23 0.3328418
767 23 0.0737518
769 23 0.1255698
772 23 0.0996608
774 23 0.0737518
777 22 0.0478428
780 21 0.0737518
782 19 1.7060188
784 19 1.6282918
787 20 0.0737518
789 20 0.0737518
791 20 0.0737518
793 20 0.0996608
796 19 0.0737518
798 19 0.0478428
800 18 0.0478428
803 17 0.0478428
805 16 0.7732948
807 15 1.1878388
809 15 -0.1594292
812 15 0.1773878
814 15 0.3587508
816 15 0.2551148
820 14 0.0996608
822 13 0.0996608
824 13 0.1514788
826 11 1.6023828
829 11 1.2914748
831 12 0.0737518
833 12 0.0478428
836 12 0.0478428
838 11 0.0737518
840 10 0.0219338
843 10 0.0737518
845 8 0.9287488
847 8 1.4469288
849 9 0.0737518
852 8 0.0996608
854 8 0.2292058
856 8 0.3069328
859 7 0.0478428
862 7 0.0996608
864 6 0.0478428
866 5 0.9287488
869 5 0.9805668
871 6 0.0737518
873 5 0.0737518
876 5 0.0737518
878 5 0.0478428
880 4 0.0737518
882 4 0.0478428
885 2 0.5660228
887 1 1.0323848
889 2 0.2551148
892 0 0.2292058
