0 -2 0.1255698
3 -1 0.3846598
5 -2 0.0737518
7 -4 2.8460148
10 -4 2.8201058
12 -4 2.5869248
14 -4 2.6905608
17 -3 2.3537438
19 -2 1.4728378
21 -3 2.6646518
25 -3 2.5610158
27 -2 2.5091978
29 -2 2.5610158
32 -2 2.1205628
34 -1 1.5505648
36 -2 1.9132908
39 -2 2.0946538
41 -2 2.3278348
43 0 1.3951108
46 0 1.8355638
48 -1 2.1723808
50 -1 1.7319278
53 0 1.7837458
55 0 2.1723808
57 0 1.4469288
60 0 1.9391998
62 0 1.4469288
64 1 1.7837458
68 1 1.2396568
70 2 1.8355638
72 3 1.4728378
75 3 1.3692018
77 4 1.7837458
79 4 1.6542008
82 4 1.5764738
84 5 1.5505648
86 5 1.6542008
89 6 1.0064758
91 6 1.1878388
93 7 1.3692018
96 8 1.0842028
98 8 1.2655658
100 8 0.9546578
103 9 1.2137478
105 9 1.0064758
107 10 1.2914748
111 11 1.0582938
113 11 1.2914748
115 12 1.1360208
118 12 1.3432928
120 12 1.0582938
122 13 1.3432928
125 14 1.1101118
127 14 1.2914748
129 14 1.1101118
132 15 1.3432928
134 15 1.1101118
136 16 1.2137478
139 17 1.1101118
141 18 0.8251128
143 19 1.1360208
146 19 0.8769308
148 20 1.1878388
150 20 1.0582938
154 20 0.7214768
156 21 1.1360208
158 22 0.9287488
161 23 0.7732948
163 23 1.0842028
165 23 1.0323848
168 24 0.9287488
170 24 0.8769308
173 25 0.7732948
175 26 0.6955678
177 27 0.7214768
180 27 1.0582938
182 28 1.0064758
184 29 0.9805668
187 30 0.9546578
189 30 0.9287488
191 31 0.9287488
195 31 0.8769308
197 32 0.8769308
199 33 0.7992038
202 33 0.7732948
204 34 0.7473858
206 35 0.6955678
209 35 0.7732948
211 36 1.0582938
213 37 1.0064758
216 38 0.9805668
218 39 0.9546578
220 39 0.9028398
223 40 0.8769308
225 40 0.8769308
227 41 0.8251128
230 41 0.7732948
232 42 0.7992038
234 42 0.7732948
238 42 0.7732948
240 44 0.7473858
242 44 0.7732948
245 45 0.7992038
247 46 0.7732948
249 47 0.8251128
252 47 0.7732948
254 48 0.8251128
256 49 0.7992038
259 50 0.8510218
261 50 0.8510218
263 51 0.8769308
266 51 0.8769308
268 52 0.9287488
270 53 0.9028398
273 53 0.9028398
275 55 0.9028398
277 55 0.9287488
281 56 0.9287488
283 57 0.9028398
285 58 0.8769308
288 59 0.8769308
290 59 0.8769308
292 59 0.8769308
295 59 0.8510218
297 60 0.8251128
299 61 0.8510218
302 63 0.7992038
304 63 0.8510218
306 64 0.7992038
309 64 0.8510218
311 65 0.7992038
314 65 0.8769308
316 66 0.8510218
318 67 0.8510218
321 68 0.8251128
324 68 0.8769308
326 70 0.8769308
329 70 0.9028398
331 70 0.7732948
333 71 0.5660228
336 72 0.6178408
338 73 0.7214768
340 73 0.7473858
343 74 0.7214768
345 74 0.7732948
347 75 0.8251128
350 75 0.8251128
352 77 0.7992038
354 78 0.8510218
357 78 0.8510218
359 79 0.8251128
361 80 0.8251128
364 80 0.8251128
367 81 0.8510218
369 82 0.8510218
372 83 0.8251128
374 83 0.8251128
376 83 0.7732948
379 84 0.7732948
381 85 0.7473858
383 86 0.7732948
386 87 0.7732948
388 88 0.7992038
390 88 0.7992038
393 89 0.8251128
395 89 0.8251128
397 90 0.8769308
400 91 0.8510218
402 92 0.9028398
404 93 0.9028398
408 93 0.9546578
410 94 0.9287488
412 95 0.9287488
415 95 0.8769308
417 96 0.6437498
419 97 0.6696588
422 98 0.6437498
424 99 0.6696588
426 99 0.6696588
429 100 0.7473858
431 100 1.0064758
433 101 1.0323848
436 102 1.0323848
438 103 1.0064758
440 103 0.9805668
443 104 0.9546578
445 104 0.9287488
447 105 0.9028398
451 106 0.8510218
453 106 0.8510218
455 107 0.9028398
458 108 0.8769308
460 109 0.8769308
462 109 0.9028398
465 110 0.8769308
467 111 0.9287488
470 112 0.9287488
472 113 0.9287488
474 113 0.9287488
477 114 0.6955678
479 115 0.6437498
481 115 0.6437498
484 116 0.7214768
486 117 0.7732948
488 117 0.7732948
491 118 0.8251128
494 118 0.8510218
496 119 0.8510218
499 119 0.9028398
501 120 0.8769308
503 120 0.8769308
506 121 0.9287488
508 121 0.9028398
510 122 0.9287488
513 123 0.8769308
515 124 0.9028398
517 124 0.9028398
520 125 0.8510218
522 126 0.9028398
524 126 0.8510218
527 127 0.8510218
529 127 0.8251128
531 128 0.8251128
534 128 0.7992038
537 129 0.7214768
539 130 0.7473858
542 130 0.6696588
544 131 0.6955678
546 132 0.6955678
549 132 0.6955678
551 133 0.7214768
553 133 0.7214768
556 134 0.7473858
558 134 0.7214768
560 135 0.7214768
563 136 0.7732948
565 136 0.7473858
567 137 0.7992038
570 138 0.7732948
572 139 0.8251128
574 139 0.7732948
577 140 0.8769308
580 141 0.1514788
582 141 0.1514788
585 142 0.0996608
587 142 0.1255698
589 142 0.1514788
592 144 0.3328418
594 144 0.1255698
596 145 0.1514788
599 145 0.0737518
601 145 0.0996608
604 146 0.0737518
606 147 0.0996608
608 147 0.0219338
611 148 0.0996608
613 148 0.0478428
615 149 0.3069328
618 148 0.1514788
620 149 0.4882958
623 150 0.1514788
626 150 0.4364778
628 150 0.1773878
630 150 0.4364778
633 151 0.2551148
635 151 0.0737518
637 152 0.0996608
640 151 0.3069328
642 152 0.8510218
644 151 0.3328418
647 152 0.7732948
649 152 0.1514788
651 153 0.6696588
654 152 0.0478428
656 153 0.1514788
658 153 0.0219338
661 153 0.0737518
664 153 0.0478428
666 153 0.0478428
669 153 0.0478428
