0 153 0.0219338
8 152 0.0737518
17 152 0.0478428
25 153 0.0478428
33 153 0.1255698
41 153 0.0737518
50 152 0.0737518
59 152 0.0478428
67 152 0.1773878
75 152 0.0478428
83 152 0.3846598
91 151 0.1514788
101 150 0.0219338
109 150 0.0737518
117 150 0.0996608
125 149 0.3846598
133 149 0.0996608
141 149 0.2551148
150 148 0.0219338
159 148 0.0219338
167 146 0.1514788
175 144 0.1773878
183 145 0.1255698
192 144 0.0737518
200 145 0.0996608
208 145 0.0996608
217 145 0.0996608
225 144 0.3587508
234 144 0.1514788
242 144 0.5919318
250 143 0.0478428
258 141 0.1255698
267 141 0.3069328
276 141 0.0996608
284 140 0.0478428
292 140 0.2032968
300 140 0.0737518
308 140 0.0737518
317 140 0.1773878
326 139 0.1255698
334 139 0.1255698
342 138 0.0478428
350 137 0.0996608
359 137 0.4105688
367 136 0.0737518
375 136 0.0737518
384 136 0.0219338
392 136 0.1255698
401 136 0.2292058
409 135 0.2551148
417 136 0.0737518
425 134 0.1514788
434 134 0.0737518
443 133 0.5660228
451 132 0.0996608
459 132 0.2551148
467 131 0.0478428
475 131 0.1514788
484 131 0.0996608
493 131 0.2292058
501 131 0.1514788
509 131 0.4364778
517 130 0.1514788
525 129 0.1773878
534 129 0.2032968
542 128 0.0737518
551 127 0.1773878
559 127 0.1514788
567 127 0.2292058
576 127 0.0478428
584 125 0.2032968
592 125 0.0996608
601 125 0.0996608
609 125 0.3069328
618 124 0.0737518
626 123 0.2810238
634 121 1.3432928
642 121 0.6955678
650 121 0.2032968
660 121 0.0737518
668 121 0.0478428
676 121 0.1514788
684 121 0.4623868
692 121 0.2292058
701 121 0.0996608
709 121 0.0737518
718 120 0.0737518
726 119 0.3069328
734 119 0.1514788
743 118 0.1255698
751 117 0.0478428
759 117 0.1773878
768 117 0.0478428
776 116 0.0737518
785 115 0.0996608
793 115 0.0996608
801 115 0.0737518
809 115 0.0996608
817 114 0.2032968
827 113 0.1255698
835 113 0.0737518
843 112 0.3328418
851 112 0.0737518
859 112 0.1255698
868 112 0.1255698
876 111 0.0737518
885 110 0.3328418
893 110 0.6178408
901 109 0.0996608
909 109 0.1773878
918 108 0.1773878
926 108 0.0737518
935 108 0.0737518
943 108 0.3069328
951 108 0.0996608
960 108 0.1255698
968 107 0.1255698
976 106 0.0478428
984 106 0.6178408
993 104 0.4623868
1002 104 0.2292058
1010 104 0.0737518
1018 104 0.0996608
1026 104 0.1773878
1034 104 0.2032968
1043 104 0.3069328
1052 104 0.1255698
1060 104 0.3846598
1068 102 0.3069328
1076 101 0.6178408
1085 102 -0.3407922
1093 100 0.0478428
1102 100 0.0737518
1110 99 0.0737518
1118 100 0.0996608
1127 99 0.1255698
1135 98 0.0996608
1143 98 0.0996608
1151 98 0.0478428
1160 95 0.1773878
1169 95 0.0478428
1177 95 0.1773878
1185 95 0.1773878
1193 95 0.0996608
1201 95 0.2551148
1210 95 0.1773878
1219 95 0.3846598
1227 94 0.4364778
1235 93 0.1514788
1243 92 0.0737518
1252 92 0.2551148
1260 91 0.0996608
1269 90 0.0996608
1277 90 0.0996608
1285 90 0.1255698
1293 90 0.0737518
1302 90 0.2032968
1310 90 0.2032968
1318 90 0.0996608
1327 90 0.3846598
1335 89 0.0996608
1344 88 0.2810238
1352 87 0.0478428
1360 87 0.0996608
1368 86 0.1255698
1376 85 0.0996608
1386 85 0.0996608
1394 84 0.2292058
1402 84 0.0737518
1410 84 0.0996608
1418 84 0.0996608
1427 84 0.2292058
1435 83 0.0737518
1444 84 0.6955678
1452 83 0.2292058
1460 83 0.2032968
1469 82 0.0737518
1477 82 0.0737518
1485 80 0.3328418
1494 79 0.9546578
1502 79 -0.1594292
1511 78 0.0737518
1519 78 0.0996608
1527 78 0.0996608
1535 78 0.0478428
1543 78 0.6437498
1553 78 0.1255698
1561 77 0.1255698
1569 73 1.5764738
1577 75 0.4882958
1585 75 0.2551148
1594 75 0.0996608
1602 75 0.3587508
1611 75 0.1255698
1619 75 0.5660228
1627 75 0.2551148
1636 74 0.0737518
1644 74 0.5919318
1652 72 0.1773878
1661 70 0.9287488
1669 71 0.2810238
1677 70 0.0996608
1686 70 0.0996608
1694 70 0.2032968
1702 70 0.0737518
1710 70 0.4105688
1719 70 0.1773878
1728 70 0.6178408
1736 69 0.0219338
1744 68 0.0996608
1752 67 0.1255698
1760 65 0.6696588
1769 65 0.0996608
1778 65 0.3069328
1786 65 0.0478428
1794 65 0.0737518
1802 65 0.1773878
1811 65 0.7473858
1819 64 0.2292058
1828 64 0.5660228
1836 64 0.0219338
1844 63 0.0737518
1853 62 0.0478428
1861 60 0.2810238
1869 60 0.0996608
1877 60 0.4364778
1886 60 0.1255698
1895 60 0.0737518
1903 60 0.0737518
1911 60 0.1255698
1919 60 0.2032968
1927 59 0.4105688
1936 59 0.0996608
1945 59 0.4364778
1953 58 0.0737518
1961 56 0.3846598
1969 55 0.1773878
1978 55 0.3587508
1986 55 0.1773878
1995 55 0.0996608
2003 54 0.0478428
2011 54 0.0478428
2020 54 0.0478428
2028 53 0.1514788
2036 53 0.0478428
2044 52 0.4623868
2053 52 0.0219338
2061 51 0.0737518
2070 51 0.0478428
2078 51 0.0737518
2086 51 0.2551148
2094 50 0.0219338
2102 50 0.0737518
2112 49 0.0478428
2120 48 0.2292058
2128 48 0.0478428
2136 47 0.0996608
2144 47 0.4105688
2153 47 0.0996608
2162 47 0.0478428
2170 46 0.2292058
2178 46 0.0737518
2186 45 0.0219338
2195 44 0.5142048
2203 44 0.2032968
2211 44 0.2032968
2220 43 0.2292058
2228 43 0.0478428
2237 43 0.0996608
2245 43 0.2551148
2253 42 0.1255698
2261 43 0.1773878
2269 42 0.1514788
2279 42 0.0737518
2287 41 0.5919318
2295 41 0.3069328
2303 39 0.2032968
2311 39 0.0478428
2320 38 0.2292058
2328 38 0.0737518
2337 37 0.2292058
2345 36 0.2032968
2353 36 0.2032968
2362 36 0.0737518
2370 35 0.0996608
2378 35 0.1255698
2387 35 0.0996608
2395 35 0.0737518
2404 35 0.3328418
2412 35 0.5401138
2420 34 0.1255698
2428 34 0.5401138
2436 34 0.0737518
2445 32 0.0478428
2454 32 0.3846598
2462 30 0.1514788
2470 31 0.1514788
2478 30 0.1773878
2486 29 0.0996608
2495 29 0.2810238
2504 29 0.0478428
2512 29 0.0737518
2520 29 0.0737518
2528 28 0.3328418
2537 28 0.0737518
2545 28 0.2292058
2554 27 0.0737518
2562 27 0.0737518
2570 26 0.0478428
2579 25 0.0478428
2587 25 0.2810238
2595 25 0.0478428
2603 25 0.0219338
2612 24 0.0996608
2621 24 0.0478428
2629 24 0.1773878
2637 23 0.0478428
2645 23 0.3328418
2653 22 0.1773878
2662 21 0.7214768
2671 21 0.0478428
2679 20 0.1773878
2687 20 0.1255698
2695 19 0.0737518
2704 19 0.0996608
2712 18 0.0478428
2721 18 0.2032968
2729 17 0.1514788
2737 17 0.5401138
2746 17 0.3069328
2754 17 0.0478428
2762 16 0.0737518
2770 16 0.2032968
2779 16 0.0996608
2788 16 0.2032968
2796 16 0.0737518
2804 14 0.1773878
2812 14 0.0737518
2820 13 0.3587508
2828 12 0.0737518
2838 13 0.1773878
2846 12 0.0737518
2854 12 0.0737518
2862 12 0.0737518
2870 12 0.0478428
2879 11 0.0737518
2888 10 0.1255698
2896 9 0.4882958
2904 8 0.1255698
2912 8 0.0478428
2921 8 0.0478428
2929 8 0.1255698
2937 8 0.0737518
2946 8 0.2032968
2954 8 0.1514788
2963 7 0.0996608
2971 6 0.0737518
2979 6 0.3328418
2987 5 0.0478428
2995 5 0.0219338
3005 4 0.0996608
3013 3 0.0737518
3021 3 0.1773878
3029 2 0.0478428
3037 2 0.1514788
3046 2 0.0996608
3054 1 0.0478428
3063 1 0.1255698
3071 0 0.1514788
3079 1 0.0737518
3088 0 0.0737518
3096 0 0.1773878
3104 0 0.0478428
3113 0 0.2810238
