0 153 0.1773878
13 153 0.1773878
27 153 0.2551148
40 153 0.0737518
54 152 0.0219338
68 153 0.0219338
81 152 0.0737518
94 151 0.0737518
108 150 0.3846598
121 150 0.0737518
134 150 0.0478428
147 150 0.1514788
161 149 0.0996608
174 149 0.0737518
187 148 0.0219338
201 147 0.0737518
214 146 0.2551148
227 146 0.3846598
241 146 0.0478428
254 146 0.0478428
267 146 0.0996608
281 145 0.1255698
294 145 0.0219338
307 145 0.0737518
321 145 0.0737518
334 144 0.2551148
347 142 0.1255698
360 142 0.0996608
374 141 0.1255698
387 142 0.0737518
400 141 0.0478428
414 141 0.0737518
427 140 0.0478428
440 140 0.0737518
454 139 0.1514788
468 138 0.4105688
481 138 0.0219338
495 138 0.1514788
508 138 0.0219338
521 137 0.0478428
535 137 0.1514788
548 137 0.0737518
561 136 0.0737518
574 135 0.8251128
588 135 0.0737518
601 135 0.0737518
614 135 0.0478428
628 135 0.1255698
641 134 0.0996608
654 134 0.0478428
668 133 0.2032968
681 132 0.3069328
694 132 0.0737518
708 132 0.0737518
721 131 0.0478428
734 131 0.0478428
748 131 0.2032968
761 130 0.0737518
774 129 0.0478428
787 129 0.0996608
801 129 0.0478428
814 129 0.0737518
827 128 0.0737518
841 128 0.0478428
854 127 0.0737518
868 127 0.0478428
882 126 0.0737518
895 125 0.1514788
908 125 0.2292058
922 125 0.0478428
935 124 0.0737518
948 124 0.0478428
962 123 0.1255698
975 123 0.0478428
988 122 0.0737518
1001 122 0.0996608
1015 122 0.0737518
1028 122 0.0478428
1041 121 0.0219338
1055 121 0.0478428
1068 121 0.0219338
1081 121 0.1514788
1095 120 0.0478428
1108 119 0.3069328
1121 119 0.0737518
1135 118 0.3328418
1148 118 -0.0039752
1161 118 0.0478428
1175 117 0.1255698
1188 115 0.0996608
1201 116 0.0996608
1214 115 0.0737518
1228 115 0.0219338
1241 115 0.0478428
1254 115 0.0478428
1268 114 0.1773878
1282 114 0.1514788
1295 113 0.0478428
1309 112 0.1514788
1322 112 0.0996608
1335 112 0.0737518
1349 111 0.0996608
1362 111 0.0996608
1375 110 0.1255698
1389 110 0.1773878
1402 110 0.0478428
1415 110 0.0737518
1428 109 0.2292058
1442 108 0.0996608
1455 107 0.6955678
1468 106 0.0996608
1482 107 0.1514788
1495 107 0.0478428
1508 107 0.0478428
1522 107 0.1255698
1535 106 0.0478428
1548 103 2.0169268
1562 104 0.2292058
1575 104 0.0996608
1588 104 0.0219338
1602 104 0.0478428
1615 104 0.0219338
1628 103 0.0737518
1641 101 0.2551148
1655 101 0.0737518
1668 101 0.1773878
1682 101 0.0478428
1696 100 0.0737518
1709 100 0.0996608
1722 100 0.0478428
1736 100 0.0478428
1749 98 0.1255698
1762 98 0.0996608
1776 98 0.1773878
1789 97 0.0737518
1802 97 0.0996608
1816 96 0.2032968
1829 96 0.0478428
1842 95 0.0737518
1856 95 0.0737518
1869 95 0.0737518
1882 95 0.0737518
1895 95 0.0996608
1909 94 0.4623868
1922 93 0.0996608
1935 93 0.1255698
1949 93 0.0996608
1962 92 0.0737518
1975 92 0.0478428
1989 92 0.0737518
2002 90 0.2810238
2015 90 0.1773878
2029 90 0.0737518
2042 90 0.0737518
2055 90 0.0478428
2068 89 0.1255698
2082 89 0.0996608
2095 88 0.0478428
2109 87 0.1773878
2123 87 0.1514788
2136 86 0.0996608
2149 86 0.0996608
2163 86 0.0478428
2176 86 0.0996608
2189 85 0.7732948
2203 84 0.0478428
2216 84 0.0478428
2229 84 0.0996608
2243 84 0.0737518
2256 84 0.0478428
2269 84 0.0478428
2283 83 0.0219338
2296 82 0.2810238
2309 81 0.0737518
2322 80 0.3328418
2336 80 0.0219338
2349 80 0.0737518
2362 80 0.0737518
2376 79 0.0478428
2389 78 0.4364778
2402 78 0.0737518
2416 78 0.0478428
2429 78 0.1255698
2442 76 0.4364778
2456 75 0.4623868
2469 75 0.0996608
2482 75 0.0737518
2496 75 0.0478428
2509 75 0.0737518
2523 75 0.0737518
2536 74 0.0737518
2550 74 0.0737518
2563 74 0.0478428
2576 73 0.1514788
2590 72 0.6178408
2603 72 0.3069328
2616 72 0.0737518
2630 72 0.0219338
2643 72 0.0737518
2656 71 0.0478428
2670 71 0.0219338
2683 70 0.0737518
2696 69 0.0737518
2710 68 0.3328418
2723 68 0.0737518
2736 68 0.0996608
2749 68 0.0478428
2763 67 0.0478428
2776 66 0.2032968
2789 66 0.1773878
2803 66 0.0219338
2816 65 0.0478428
2829 65 0.0737518
2843 65 0.0219338
2856 65 0.0737518
2869 64 0.0219338
2883 64 0.2032968
2896 63 0.1773878
2909 62 0.4882958
2923 61 0.1255698
2937 61 0.3328418
2950 61 0.0737518
2963 61 0.0478428
2977 60 0.0219338
2990 60 0.0737518
3003 60 0.0996608
3017 59 0.1514788
3030 59 0.0219338
3043 59 0.0478428
3057 59 0.0737518
3070 58 0.0737518
3083 57 0.0996608
3097 54 0.9028398
3110 56 0.1255698
3123 55 0.0737518
3137 55 -0.0039752
3150 55 0.0219338
3163 55 0.0219338
3176 54 0.0996608
3190 53 0.4623868
3203 53 0.0737518
3216 53 0.0737518
3230 53 -0.0039752
3243 52 0.0737518
3256 52 0.0478428
3270 51 0.1773878
3283 51 0.2032968
3296 50 0.0737518
3310 50 0.0478428
3323 50 0.0219338
3336 50 0.0737518
3351 48 0.3846598
3364 46 0.2292058
3377 47 0.0219338
3390 47 0.0478428
3404 47 0.0737518
3417 47 0.2292058
3430 46 0.0737518
3444 46 0.0478428
3457 44 0.0996608
3470 44 0.2551148
3484 44 0.0996608
3497 44 0.0737518
3510 44 0.0478428
3524 44 0.0478428
3537 43 0.4623868
3550 42 0.0996608
3564 42 0.0478428
3577 42 0.0996608
3590 42 0.0478428
3603 41 0.0996608
3617 40 0.0996608
3630 40 0.2810238
3643 39 0.0478428
3657 39 0.4105688
3670 39 0.0737518
3683 39 0.0478428
3697 38 0.0478428
3710 38 0.0478428
3723 37 0.0219338
3737 36 0.2032968
3750 36 0.0737518
3764 36 0.0219338
3778 36 0.0219338
3791 34 0.0996608
3804 34 0.0996608
3817 34 0.1514788
3831 34 0.0737518
3844 34 0.0737518
3857 33 0.0996608
3871 32 0.2032968
3884 32 0.1514788
3897 31 0.0996608
3911 31 0.0737518
3924 31 0.1255698
3937 30 0.1514788
3951 29 0.4882958
3964 29 0.1255698
3977 29 0.0219338
3991 29 0.0737518
4004 28 0.0737518
4017 28 0.0478428
4030 28 0.1255698
4044 27 0.4105688
4057 26 0.0996608
4070 26 0.1255698
4084 26 0.0737518
4097 25 0.0478428
4110 25 0.0737518
4124 25 0.0219338
4137 25 0.0219338
4150 24 0.1773878
4164 23 0.0737518
4178 23 0.0737518
4191 23 0.0478428
4205 22 0.0478428
4218 21 0.0737518
4231 21 0.1255698
4244 21 0.0737518
4258 20 0.0478428
4271 20 0.0737518
4284 20 0.0737518
4298 19 0.0478428
4311 18 0.2551148
4324 18 0.2810238
4338 17 0.0737518
4351 17 0.0478428
4364 17 0.0737518
4378 17 0.0737518
4391 16 0.1514788
4404 16 0.0737518
4418 15 0.0219338
4431 15 0.1255698
4444 13 0.1773878
4457 13 -0.0039752
4471 14 0.0478428
4484 13 0.0996608
4497 13 0.0478428
4511 13 0.0737518
4524 13 0.0478428
4537 12 0.0219338
4551 12 0.0737518
4564 11 0.0737518
4577 9 0.3328418
4592 9 0.4623868
4605 9 0.0478428
4618 9 0.0478428
4632 9 0.0737518
4645 9 0.0478428
4658 8 0.1255698
4672 8 0.0478428
4685 7 0.0996608
4698 7 0.1514788
4711 6 0.0996608
4725 5 0.0737518
4738 6 0.1255698
4751 6 0.0219338
4765 5 0.0478428
4778 5 0.0478428
4791 4 0.0737518
4805 3 0.6178408
4818 2 -0.4703372
4831 2 0.1255698
4845 2 0.0219338
4858 2 0.0737518
4871 2 0.0737518
4884 1 0.0219338
4898 1 0.0478428
4911 0 0.1255698
4924 0 0.0478428
