0 151 0.2551148
13 152 0.8251128
26 151 0.3846598
40 152 0.7992038
53 151 0.0737518
66 152 0.0478428
80 152 0.0478428
93 151 0.0478428
106 150 0.0737518
120 150 0.0478428
133 150 0.0737518
146 150 0.0478428
159 149 0.0219338
173 149 0.0737518
186 148 0.0478428
199 146 0.1514788
213 146 0.0737518
226 145 0.1514788
239 145 0.2810238
253 145 0.0219338
267 145 0.0996608
280 145 0.0478428
294 145 0.0478428
307 144 0.0737518
320 144 0.1255698
334 142 0.0478428
347 142 0.5142048
360 141 0.1514788
374 142 0.0996608
387 142 0.0219338
400 141 0.0737518
413 141 0.0478428
427 140 0.0478428
440 140 0.4623868
453 139 0.0737518
467 138 0.5401138
480 137 0.1255698
493 138 0.0737518
507 137 0.0737518
520 137 0.0478428
533 137 0.0737518
547 136 0.2032968
560 135 0.5401138
573 135 0.2032968
586 134 0.0996608
600 135 0.0996608
613 135 0.0219338
626 134 0.0219338
640 134 0.0996608
653 133 0.1255698
666 132 0.2292058
681 132 0.5660228
694 131 0.0478428
707 131 0.0996608
721 131 0.2292058
734 131 0.0478428
747 130 0.0737518
761 130 0.0737518
774 130 0.0737518
787 129 0.2292058
801 129 0.0737518
814 128 0.0737518
827 128 0.0737518
840 127 0.0737518
854 127 0.0737518
867 127 0.0478428
880 126 0.0478428
894 125 0.0219338
907 124 0.0478428
920 124 0.2032968
934 123 0.0737518
947 123 0.2810238
960 123 0.0737518
974 123 0.0219338
987 123 0.0996608
1000 122 0.0737518
1014 122 0.1514788
1027 121 0.0737518
1040 121 0.0478428
1053 121 0.0478428
1067 121 0.0996608
1080 120 0.1773878
1094 119 0.0737518
1108 119 0.0996608
1121 119 0.2551148
1134 118 0.0737518
1148 118 0.0737518
1161 117 0.0996608
1174 117 0.0219338
1188 116 0.2032968
1201 116 0.1255698
1214 116 0.0478428
1228 115 0.0737518
1241 115 0.1773878
1254 114 0.0478428
1267 114 0.1255698
1281 113 0.2032968
1294 113 0.0737518
1307 112 0.3587508
1321 112 0.0737518
1334 112 0.0478428
1347 111 0.0996608
1361 111 0.0478428
1374 110 0.0737518
1387 110 0.0737518
1401 110 0.2810238
1414 109 0.0478428
1427 109 0.1255698
1441 108 0.0737518
1454 107 0.4364778
1467 106 0.2810238
1480 106 0.0478428
1494 106 0.0996608
1508 106 0.0478428
1521 106 0.0478428
1535 106 0.1773878
1548 104 0.1255698
1561 104 0.1255698
1575 104 0.0478428
1588 104 0.0737518
1601 104 0.0219338
1615 102 0.2810238
1628 102 -0.3667012
1641 102 0.2551148
1655 101 0.2292058
1668 100 0.1255698
1681 100 0.2551148
1694 101 0.0478428
1708 100 0.0478428
1721 100 0.0737518
1734 100 0.1514788
1748 100 0.0737518
1761 98 0.6696588
1774 98 0.0219338
1788 97 0.1514788
1801 96 0.2810238
1814 96 0.0219338
1828 96 0.0737518
1841 95 0.0996608
1854 95 0.0219338
1868 95 0.0996608
1881 95 0.0737518
1894 94 0.0737518
1907 93 0.5142048
1922 93 0.1255698
1935 93 0.0737518
1948 93 0.0737518
1962 92 0.0737518
1975 92 0.0478428
1988 91 0.2032968
2002 91 0.2032968
2015 90 0.0478428
2028 90 0.0737518
2042 89 0.2292058
2055 89 0.0996608
2068 89 0.0737518
2082 89 0.1255698
2095 89 0.0996608
2108 88 0.1255698
2121 86 0.4623868
2135 86 0.0737518
2148 85 0.1255698
2161 85 0.1255698
2175 85 0.0219338
2188 85 0.0737518
2201 85 0.2292058
2215 84 0.0478428
2228 84 0.0737518
2241 84 0.0219338
2255 83 0.0478428
2268 83 0.0478428
2281 82 0.2292058
2295 82 0.0219338
2308 82 0.0478428
2321 81 0.1255698
2335 80 0.0996608
2349 79 0.1255698
2362 79 0.4882958
2375 79 0.0478428
2389 79 0.1255698
2402 78 0.0219338
2415 78 0.0737518
2429 77 0.0996608
2442 75 1.8096548
2455 76 0.1255698
2469 75 0.1773878
2482 75 0.0478428
2495 75 0.0478428
2509 75 0.0737518
2522 74 0.1773878
2535 74 0.0737518
2548 74 0.0996608
2562 73 0.0219338
2575 72 0.2292058
2588 72 0.2292058
2602 71 0.0478428
2615 72 0.0478428
2628 71 0.0478428
2642 71 0.0219338
2655 71 0.0478428
2668 70 0.9287488
2682 68 0.3069328
2695 69 0.0737518
2708 68 0.1255698
2722 68 0.2810238
2735 68 -0.0298842
2749 68 0.0478428
2762 67 0.0996608
2776 67 0.0737518
2789 65 0.1255698
2802 65 0.7732948
2816 65 0.0737518
2829 65 0.0737518
2842 64 0.0737518
2856 64 0.0737518
2869 65 0.0478428
2882 64 0.0737518
2896 63 0.0996608
2909 60 0.5142048
2922 61 0.7732948
2936 60 0.0737518
2949 60 0.0478428
2962 60 0.1255698
2975 60 0.0737518
2989 60 0.0478428
3002 60 0.0219338
3015 59 0.0478428
3029 59 0.1255698
3042 59 0.0478428
3055 58 0.0996608
3069 55 0.3587508
3082 56 0.7214768
3095 56 0.0478428
3109 56 0.1255698
3122 56 0.0478428
3135 56 0.0478428
3149 55 0.0996608
3163 54 0.0737518
3176 54 0.3069328
3190 53 0.0737518
3203 53 0.0737518
3216 52 0.1255698
3229 52 0.0737518
3243 52 0.0478428
3256 51 0.1514788
3269 51 0.0737518
3283 51 0.2032968
3296 50 0.0478428
3309 50 0.1255698
3323 49 0.0219338
3336 49 0.2032968
3349 48 -0.0039752
3363 48 0.1773878
3376 48 0.0478428
3389 47 0.0737518
3402 47 0.0996608
3416 47 0.0478428
3429 46 0.0478428
3442 46 0.0996608
3456 45 0.1255698
3469 44 0.2032968
3482 44 0.2032968
3496 43 0.2032968
3509 42 0.1514788
3522 43 0.1773878
3536 43 -0.0039752
3549 43 0.0478428
3562 42 0.0737518
3577 42 0.0737518
3590 42 0.0219338
3603 41 0.2810238
3617 40 0.0219338
3630 40 0.1514788
3643 39 0.0737518
3656 39 0.0219338
3670 39 0.0478428
3683 38 0.1255698
3696 37 0.0219338
3710 36 0.1514788
3723 36 0.0737518
3736 36 0.0478428
3750 36 0.0737518
3763 35 0.0737518
3776 35 0.0478428
3790 34 0.0737518
3803 34 0.1255698
3816 34 0.0478428
3830 34 0.0737518
3843 33 0.6955678
3856 32 0.0219338
3869 32 0.2032968
3883 32 0.0996608
3896 31 0.0996608
3909 31 0.2032968
3923 29 0.1255698
3936 29 0.0737518
3949 29 0.1255698
3963 29 0.0737518
3977 29 0.0737518
3990 29 0.0737518
4004 28 0.0737518
4017 28 0.0219338
4030 27 0.1255698
4044 26 1.0842028
4057 26 0.0219338
4070 26 0.2810238
4083 25 0.0737518
4097 25 0.0996608
4110 25 0.0737518
4123 25 0.0996608
4137 24 0.1255698
4150 23 0.0996608
4163 23 0.0737518
4177 23 0.0478428
4190 22 0.0996608
4203 20 0.4364778
4217 21 0.0737518
4230 21 0.0478428
4243 21 0.0996608
4257 21 0.0737518
4270 20 0.0737518
4283 19 0.0996608
4296 18 0.1255698
4310 17 0.0219338
4323 17 0.2292058
4336 17 0.2551148
4350 16 0.0478428
4363 16 0.2032968
4376 16 0.0737518
4390 16 0.0737518
4404 16 0.0219338
4417 15 0.0478428
4431 15 0.0996608
4444 14 0.1255698
4457 13 0.3069328
4471 13 0.1255698
4484 13 0.2292058
4497 13 0.0737518
4510 13 0.0478428
4524 13 0.0996608
4537 12 0.0996608
4550 12 0.0219338
4564 11 0.1255698
4577 10 0.0478428
4590 9 0.5142048
4604 9 0.0737518
4617 9 0.0737518
4630 8 0.0737518
4644 8 0.2032968
4657 8 0.0737518
4670 7 0.3328418
4684 7 0.0737518
4697 6 0.0737518
4710 6 0.0737518
4723 6 0.0996608
4737 5 0.0478428
4750 5 0.0737518
4763 5 0.0478428
4777 4 0.0996608
4790 3 0.3846598
4803 1 0.2551148
4818 2 0.0737518
4831 2 0.1773878
4844 2 0.0737518
4858 1 0.0478428
4871 1 0.0996608
4884 0 0.0478428
4898 0 0.0737518
4911 0 0.0478428
