0 153 0.0996608
8 153 0.0737518
17 152 0.0737518
25 153 0.0737518
33 153 0.0737518
42 153 0.0478428
50 153 0.1773878
58 153 0.2032968
67 152 0.0737518
75 152 0.5919318
84 152 0.1773878
92 152 0.1255698
100 151 0.0737518
108 150 0.0737518
116 150 0.2551148
126 149 0.0478428
134 149 0.1255698
142 148 0.0219338
150 148 0.0478428
158 147 0.0219338
166 147 0.0737518
175 146 0.3328418
184 145 0.0996608
192 145 0.0996608
200 145 0.0478428
208 145 0.1255698
217 145 0.1773878
225 144 0.0996608
234 145 0.5142048
242 143 0.1773878
250 143 0.1255698
259 142 0.1255698
267 141 0.0996608
275 141 0.3069328
283 141 0.0737518
292 140 0.1773878
301 140 0.0996608
309 140 0.0478428
317 140 0.0478428
325 139 0.0996608
333 138 0.1773878
342 137 0.4105688
351 136 0.1514788
359 136 0.0996608
367 136 0.1255698
375 136 0.0737518
384 136 0.1514788
392 136 0.2292058
401 136 0.1255698
409 136 0.0996608
417 134 0.0996608
426 134 0.0478428
434 134 0.1514788
442 133 0.0478428
450 133 0.0996608
459 132 0.2032968
468 132 0.0478428
476 132 0.1255698
484 132 0.0478428
492 131 0.0478428
500 130 0.0219338
508 130 0.1255698
518 129 0.0737518
526 129 0.0219338
534 128 0.0737518
542 128 0.2292058
550 128 0.1514788
559 127 0.1514788
568 128 0.2292058
576 127 0.2032968
584 127 0.0478428
592 126 0.0478428
601 125 0.0996608
609 124 0.2810238
617 123 0.0737518
626 122 0.2810238
634 123 0.2551148
643 123 0.0737518
651 123 0.3328418
659 123 0.1773878
667 123 0.5660228
675 121 0.4105688
685 121 0.0478428
693 121 0.1514788
701 120 0.0478428
709 120 0.0737518
717 119 0.0996608
726 118 0.1514788
735 118 0.0737518
743 118 0.0478428
751 118 0.0478428
759 117 0.0737518
768 117 0.0737518
776 116 0.0996608
784 115 0.0737518
793 115 0.0478428
801 115 0.0737518
810 115 0.0737518
818 114 0.0996608
826 114 0.0478428
834 113 0.0996608
842 113 0.1514788
852 113 0.0737518
860 112 0.0996608
868 111 0.0996608
876 110 0.2032968
884 109 0.2292058
892 110 0.0737518
902 110 0.0478428
910 110 0.0737518
918 109 0.2551148
926 109 0.3328418
934 108 0.1773878
943 108 0.0478428
951 107 0.4364778
960 107 0.1514788
968 106 0.2032968
976 104 0.0737518
985 103 0.3328418
993 104 0.0478428
1001 105 0.0996608
1009 106 1.3951108
1018 105 0.5660228
1027 104 0.6437498
1035 104 0.5142048
1043 104 0.1514788
1051 102 0.0737518
1059 101 1.3432928
1069 100 0.2292058
1077 100 0.0478428
1085 100 0.0219338
1093 100 0.0996608
1101 100 0.0737518
1110 100 -0.0039752
1118 100 0.0996608
1127 100 0.2551148
1135 99 0.0737518
1143 98 0.0996608
1152 98 0.0737518
1160 96 0.2032968
1168 95 0.3846598
1176 95 0.0737518
1185 95 0.0478428
1194 95 0.2292058
1202 95 0.1255698
1210 95 0.3328418
1218 95 0.4105688
1226 95 0.0737518
1236 93 0.0996608
1244 93 0.0219338
1252 92 0.1514788
1260 91 0.2551148
1268 89 0.4105688
1276 91 0.0996608
1285 90 0.0996608
1294 91 0.0478428
1302 90 0.5919318
1310 91 1.0582938
1318 90 0.3328418
1327 90 0.0478428
1335 89 0.1514788
1343 88 0.0996608
1352 87 0.1514788
1360 87 0.3069328
1369 85 0.0996608
1377 85 0.0478428
1385 85 0.1514788
1393 85 0.0737518
1401 85 0.1514788
1411 85 0.8510218
1419 85 0.3587508
1427 84 0.0996608
1435 84 0.3328418
1443 83 0.0737518
1452 81 0.0996608
1461 82 0.0478428
1469 82 0.0219338
1477 81 0.1514788
1485 80 0.4623868
1494 80 0.1255698
1502 80 0.0478428
1510 80 0.2032968
1519 80 0.3069328
1527 79 0.1255698
1536 78 0.4364778
1544 78 0.0737518
1552 77 0.0996608
1560 73 1.8614728
1568 75 0.5142048
1578 75 0.0737518
1586 75 0.0737518
1594 75 0.1773878
1602 75 0.1255698
1610 75 0.3846598
1619 75 0.1773878
1628 74 0.0478428
1636 74 0.8251128
1644 74 0.0996608
1652 73 0.0737518
1660 71 0.5919318
1669 71 0.0996608
1677 71 0.2551148
1686 70 0.0996608
1694 70 0.2551148
1702 70 0.0737518
1711 70 0.0478428
1719 70 0.1255698
1727 69 0.0996608
1735 68 0.4882958
1744 67 0.0996608
1753 66 0.1773878
1761 65 0.4105688
1769 65 0.8251128
1777 65 0.0996608
1785 65 0.0478428
1795 65 0.2551148
1803 66 0.3328418
1811 65 0.2810238
1819 65 0.3069328
1827 64 0.0737518
1836 64 0.1255698
1844 63 0.0737518
1853 63 0.0996608
1861 61 0.3069328
1869 60 0.7732948
1878 59 0.2032968
1886 60 0.0996608
1894 60 0.0737518
1902 60 0.4364778
1911 59 0.0996608
1920 60 0.5919318
1928 59 0.2032968
1936 59 0.2810238
1944 59 0.0219338
1952 58 0.0478428
1962 55 0.4105688
1970 55 1.2396568
1978 55 0.0737518
1986 55 0.0996608
1994 55 0.0737518
2003 55 0.5919318
2011 55 0.2810238
2020 55 0.5401138
2028 54 0.0478428
2036 53 0.2551148
2044 51 0.4623868
2053 51 0.7473858
2061 51 0.0478428
2069 51 0.0996608
2078 51 0.2810238
2086 51 0.0478428
2095 51 0.0737518
2103 51 0.4882958
2111 50 0.3069328
2119 49 0.2810238
2128 49 0.0219338
2137 47 0.1255698
2145 45 0.4105688
2153 46 0.5660228
2161 45 0.1255698
2169 45 0.2032968
2178 45 0.0996608
2187 45 0.0996608
2195 45 0.1255698
2203 45 0.6955678
2211 45 0.0996608
2220 45 0.1514788
2228 44 0.0478428
2236 42 0.2032968
2245 42 0.0478428
2253 42 0.0478428
2262 42 0.1255698
2270 42 0.0737518
2278 41 0.1514788
2286 41 0.0737518
2294 40 0.2551148
2304 40 0.0737518
2312 40 0.1255698
2320 39 0.0478428
2328 38 0.1255698
2336 37 0.1514788
2345 36 0.0996608
2354 36 0.0737518
2362 36 0.0478428
2370 36 0.0478428
2378 36 0.1255698
2387 36 0.2551148
2395 35 0.3069328
2403 34 0.0996608
2412 34 0.0737518
2420 34 0.0737518
2428 33 0.0737518
2437 32 0.0996608
2445 32 0.0737518
2453 32 0.0478428
2461 32 0.3328418
2470 31 0.2292058
2479 31 0.2810238
2487 31 0.1773878
2495 30 0.0996608
2503 29 0.8251128
2511 27 0.2810238
2521 28 0.0737518
2529 27 0.0996608
2537 28 0.1514788
2545 28 0.1255698
2553 28 0.4882958
2562 28 0.3846598
2570 27 0.0478428
2579 26 0.2292058
2587 24 0.3587508
2595 25 0.2292058
2604 25 0.0737518
2612 24 0.1255698
2620 24 0.1514788
2628 24 0.1255698
2637 24 0.4105688
2646 23 0.1255698
2654 23 0.0996608
2662 22 0.0737518
2670 21 0.3846598
2678 21 0.2292058
2688 20 0.0737518
2696 20 0.0478428
2704 20 0.0737518
2712 20 0.2032968
2720 20 0.3069328
2729 19 0.1773878
2737 18 0.4623868
2746 17 0.6696588
2754 15 0.2551148
2762 16 0.1773878
2771 16 0.0737518
2779 15 0.1773878
2787 15 0.0737518
2795 15 0.2292058
2804 15 0.1514788
2812 15 0.1255698
2821 14 0.0737518
2829 14 0.1773878
2837 13 0.3328418
2845 13 0.0737518
2854 12 0.0478428
2863 12 0.0996608
2871 12 -0.0039752
2879 12 0.5660228
2887 11 0.1514788
2895 10 0.3587508
2904 9 0.1773878
2913 9 0.2292058
2921 8 0.2032968
2929 8 0.0996608
2937 8 0.0737518
2946 8 0.0737518
2954 7 0.2032968
2962 8 0.5401138
2971 7 0.0737518
2979 6 0.1514788
2988 5 0.0996608
2996 4 0.1773878
3004 4 0.0478428
3012 4 0.2032968
3021 3 0.1255698
3030 2 0.8251128
3038 2 0.1255698
3046 2 0.0737518
3054 2 0.2032968
3062 2 0.4364778
3071 2 0.2551148
3080 1 0.0996608
3088 1 0.0737518
3096 0 0.1773878
