0 152 0.1514788
13 153 0.2551148
27 152 0.0737518
40 153 0.0478428
53 152 0.0478428
66 153 0.0478428
80 152 0.0737518
93 152 0.0737518
106 150 0.2810238
120 150 0.0478428
133 150 0.0737518
147 150 0.0996608
161 149 0.1255698
174 149 0.0478428
187 148 0.0737518
201 147 0.2032968
214 146 0.1773878
227 146 0.2032968
241 146 0.0737518
254 146 0.0478428
267 146 0.0737518
281 145 0.0737518
294 145 0.0478428
307 145 0.0478428
320 144 0.0996608
334 143 0.0478428
347 142 0.4105688
360 142 0.0737518
374 142 0.2032968
387 142 0.0996608
400 141 0.0478428
414 141 0.0737518
427 141 0.0478428
440 140 0.1255698
454 139 0.1255698
467 139 0.2551148
480 138 0.2292058
494 138 0.0737518
507 138 0.0737518
520 138 0.1255698
533 137 0.1255698
547 137 0.0478428
561 136 0.0996608
574 136 0.1255698
588 135 0.2032968
601 135 0.0737518
614 135 0.0737518
628 135 0.0478428
641 135 0.1514788
654 134 0.0996608
668 133 0.2032968
681 133 0.1773878
694 132 0.0737518
708 131 0.1255698
721 131 0.0737518
734 131 0.1255698
747 131 0.0478428
761 130 0.0219338
774 130 0.2032968
787 129 0.1255698
801 129 0.0737518
814 129 0.0996608
827 128 0.0478428
841 128 0.0478428
854 127 0.0219338
867 127 0.0478428
881 126 0.0219338
894 125 0.2810238
907 125 0.1255698
921 125 0.0737518
934 124 0.0737518
947 124 0.0996608
961 123 0.0478428
975 123 0.2292058
988 122 0.1255698
1001 122 0.0478428
1015 122 0.0737518
1028 122 0.0219338
1041 122 0.0478428
1055 121 0.2032968
1068 121 0.0737518
1081 121 0.0478428
1095 120 0.0737518
1108 120 0.1514788
1121 119 0.1255698
1135 119 0.0996608
1148 118 0.0737518
1161 118 0.0737518
1174 117 0.2292058
1188 116 0.0478428
1201 115 0.1514788
1214 115 0.0478428
1228 116 0.0478428
1241 116 0.1255698
1254 115 0.0737518
1268 114 0.3069328
1281 113 0.0478428
1294 113 0.0737518
1308 113 0.0478428
1321 112 0.0478428
1334 112 0.0478428
1348 111 0.3069328
1361 110 0.1255698
1375 110 0.1255698
1388 110 0.0478428
1402 110 0.0737518
1415 110 0.0737518
1428 110 0.0737518
1442 109 0.0996608
1455 108 0.1773878
1468 107 0.5919318
1482 107 0.0478428
1495 107 0.0737518
1508 107 0.0737518
1522 107 0.0737518
1535 106 0.0478428
1548 103 1.8873818
1562 104 0.1773878
1575 104 0.2551148
1588 104 0.0737518
1601 104 0.0737518
1615 104 0.1255698
1628 104 0.1514788
1641 103 0.0996608
1655 102 0.0737518
1668 100 0.1773878
1681 101 0.0478428
1695 101 0.0219338
1708 101 0.0737518
1721 101 0.1773878
1735 100 0.0996608
1748 100 0.0478428
1761 98 0.0737518
1775 98 0.0737518
1789 98 0.0996608
1802 98 0.0737518
1815 98 0.1514788
1829 96 0.0478428
1842 95 0.3846598
1855 95 0.0737518
1869 95 0.0737518
1882 95 0.0737518
1895 95 0.0737518
1909 95 0.0478428
1922 93 0.3328418
1935 93 0.0737518
1949 92 0.0996608
1962 92 0.0478428
1975 92 0.0737518
1989 92 0.0996608
2002 91 0.0737518
2015 90 0.0996608
2028 90 0.2810238
2042 90 0.1514788
2055 90 0.0737518
2068 90 0.0219338
2082 90 0.1255698
2095 89 0.2551148
2108 88 0.0737518
2122 87 0.1514788
2135 86 0.0737518
2148 87 0.1255698
2162 86 0.0478428
2175 86 0.0737518
2188 86 0.0478428
2202 84 0.8251128
2216 84 0.3328418
2229 84 0.1255698
2242 84 0.0996608
2256 84 0.0996608
2269 84 0.0737518
2282 83 0.0737518
2296 82 0.1773878
2309 82 0.0478428
2322 81 0.0478428
2336 80 0.4105688
2349 80 0.1255698
2362 80 0.0996608
2376 79 0.0219338
2389 78 0.0996608
2402 79 0.0478428
2416 78 0.0737518
2429 78 0.0996608
2442 78 0.0996608
2455 76 0.0737518
2469 75 0.3069328
2482 75 0.0996608
2495 75 0.0737518
2509 75 0.0737518
2522 75 0.0737518
2535 75 0.1773878
2549 74 0.1255698
2562 74 0.0996608
2575 74 0.0737518
2589 72 0.1255698
2602 72 0.0996608
2616 72 0.0219338
2630 72 0.0737518
2643 71 0.0478428
2656 71 0.0737518
2670 71 0.0478428
2683 70 0.0737518
2696 70 0.1255698
2709 69 0.0996608
2723 68 0.5142048
2736 68 0.0737518
2749 68 0.0478428
2763 68 0.0737518
2776 68 0.2551148
2789 67 0.0478428
2803 66 0.2810238
2816 65 0.0737518
2829 65 0.0737518
2843 65 0.0737518
2856 65 0.1255698
2869 65 0.0737518
2882 64 0.0478428
2896 64 0.0219338
2909 63 0.3069328
2922 61 0.1773878
2936 61 0.0737518
2949 61 0.1255698
2962 61 0.0996608
2976 60 0.0996608
2989 60 0.1773878
3002 60 0.1255698
3016 59 0.1255698
3029 59 0.0737518
3043 59 0.0737518
3057 59 0.1255698
3070 59 0.0737518
3083 57 0.1255698
3097 56 1.9132908
3110 56 0.1773878
3123 56 0.0219338
3136 56 0.0737518
3150 56 0.1255698
3163 56 0.0478428
3176 55 0.0737518
3190 53 1.0582938
3203 53 0.0737518
3216 53 0.0737518
3230 52 0.0737518
3243 52 0.1255698
3256 52 0.0737518
3270 51 0.0737518
3283 51 0.0737518
3296 51 0.0996608
3310 51 0.0737518
3323 50 0.0219338
3336 50 0.0737518
3349 49 0.0996608
3363 47 0.2032968
3376 48 0.0737518
3389 48 0.0219338
3403 48 0.0996608
3416 47 0.2032968
3429 46 0.0737518
3444 46 0.0478428
3457 45 0.0478428
3470 44 0.1514788
3484 44 0.1255698
3497 44 0.0996608
3510 44 0.0996608
3524 44 0.0478428
3537 43 0.1255698
3550 42 0.0996608
3563 42 0.0996608
3577 42 0.1773878
3590 42 0.0737518
3603 42 0.0737518
3617 41 0.1255698
3630 40 0.1255698
3643 40 0.0737518
3657 39 0.0737518
3670 39 0.0478428
3683 38 0.0996608
3697 38 0.0478428
3710 37 0.3328418
3723 37 0.0996608
3737 36 0.0737518
3750 36 0.0737518
3763 36 0.0219338
3776 36 0.1255698
3790 35 0.3328418
3803 34 0.1255698
3816 34 0.0996608
3830 34 0.0478428
3843 34 0.0478428
3857 33 0.0478428
3871 32 0.0996608
3884 32 0.0996608
3897 31 0.0478428
3911 31 0.0737518
3924 31 0.0737518
3937 31 0.0219338
3951 29 0.4882958
3964 29 0.0737518
3977 28 0.0996608
3990 28 0.1255698
4004 29 0.0478428
4017 29 0.2032968
4030 29 0.0996608
4044 28 0.0478428
4057 27 0.0737518
4070 25 0.4364778
4084 25 0.3328418
4097 25 0.0737518
4110 25 0.0996608
4124 25 0.0478428
4137 25 0.0996608
4150 24 0.0478428
4164 24 0.0737518
4177 23 0.0737518
4190 23 0.0737518
4203 23 0.0219338
4217 21 0.0737518
4230 21 0.4364778
4243 20 0.0478428
4257 20 0.0478428
4271 20 0.0996608
4284 20 0.0996608
4298 19 0.0737518
4311 17 0.2551148
4324 18 0.0737518
4338 17 0.0478428
4351 17 0.0478428
4364 17 0.0996608
4378 17 0.0737518
4391 16 0.3328418
4404 16 0.0737518
4417 15 0.0737518
4431 15 0.0478428
4444 15 0.0737518
4457 14 0.0737518
4471 13 0.3069328
4484 13 0.2810238
4497 13 0.0737518
4511 13 0.0478428
4524 13 0.0478428
4537 13 0.2551148
4551 12 0.0996608
4564 12 0.0737518
4577 10 0.0996608
4591 8 0.1773878
4604 9 0.0737518
4617 9 0.0737518
4630 9 0.0737518
4644 8 0.0737518
4657 8 0.0737518
4670 8 0.2292058
4685 7 0.1514788
4698 7 0.0737518
4711 7 0.0737518
4725 6 0.0737518
4738 5 0.0737518
4751 5 0.0478428
4765 5 0.0478428
4778 4 0.1255698
4791 4 0.0737518
4805 2 0.2032968
4818 2 0.0996608
4831 2 0.1773878
4844 2 0.0478428
4858 2 0.1255698
4871 2 0.0737518
4884 1 0.0737518
4898 0 0.1255698
4911 0 0.1255698
4924 0 0.3069328
