0 -2 0.0478428
3 -1 0.0478428
5 -1 0.0219338
7 -1 0.0737518
10 -2 0.0737518
12 -2 0.0478428
14 -1 0.0219338
17 -1 0.0737518
19 -2 0.0219338
21 -2 0.0996608
24 -1 0.1773878
26 -4 3.0273778
29 -4 2.9496508
31 -4 2.6646518
34 -3 1.9651088
37 -3 1.6282918
39 -3 1.8096548
41 -3 2.0687448
44 -4 2.5869248
46 -2 1.9391998
48 -1 1.4210198
51 -2 1.3432928
53 -2 1.9910178
55 -1 1.9391998
58 0 1.4469288
60 0 1.1360208
62 0 1.2655658
65 0 1.4210198
67 1 1.0842028
69 2 1.3173838
72 3 1.1101118
74 4 0.9546578
77 4 0.8251128
80 5 0.7992038
82 6 0.7473858
84 6 0.7732948
87 7 0.7732948
89 7 0.8510218
91 8 0.5142048
94 9 0.6437498
96 9 0.7473858
98 10 0.5142048
101 11 0.5919318
103 11 0.4105688
105 12 0.5919318
108 13 0.6696588
110 14 0.5401138
112 15 0.6696588
115 15 0.5401138
117 16 0.4105688
120 17 0.4882958
123 18 0.4364778
125 19 0.5660228
127 20 0.5142048
130 21 0.4105688
132 21 0.3587508
134 23 0.4623868
137 23 0.3587508
139 24 0.3846598
141 24 0.2551148
144 25 0.1255698
146 25 0.2810238
148 27 0.4105688
151 28 0.4105688
153 28 0.3846598
155 30 0.3328418
158 31 0.3328418
160 31 0.2551148
163 33 0.3069328
166 34 0.3587508
168 34 0.3069328
170 36 0.2810238
173 36 0.3328418
175 37 0.1773878
178 39 0.1514788
180 39 0.2032968
182 41 0.0737518
185 41 0.1255698
187 41 0.1514788
189 42 0.1255698
192 42 0.1514788
194 43 0.1773878
196 44 0.3069328
199 45 0.3328418
201 46 0.3328418
203 47 0.3846598
207 48 0.3846598
209 50 0.3587508
211 51 0.3587508
214 51 0.3846598
216 52 0.3587508
218 53 0.3846598
221 53 0.3069328
223 55 0.3587508
225 56 0.3587508
228 57 0.3328418
230 58 0.2810238
232 59 0.3069328
235 60 0.2810238
237 60 0.3328418
239 61 0.3587508
242 62 0.2810238
244 63 0.3069328
247 64 0.2810238
250 65 0.3328418
252 65 0.3069328
254 67 0.2810238
257 68 0.3069328
259 69 0.3069328
261 70 0.2551148
264 71 0.2292058
266 71 0.3069328
268 72 0.2810238
271 74 0.2810238
273 74 0.3069328
275 75 0.2810238
278 75 0.2551148
280 76 0.2810238
282 78 0.2810238
285 78 0.2551148
287 80 0.3328418
290 81 0.3069328
293 82 0.3328418
295 82 0.2551148
297 83 0.3069328
300 83 0.2810238
302 85 0.2810238
304 87 0.3069328
307 88 0.2551148
309 89 0.2810238
311 89 0.2292058
314 90 0.2551148
316 90 0.2551148
318 92 0.2810238
321 93 0.2551148
323 94 0.2551148
326 95 0.2810238
328 95 0.2810238
330 97 0.2292058
334 98 0.2551148
336 99 0.2810238
338 100 0.2551148
341 100 0.2551148
343 101 0.3069328
345 103 0.2292058
348 104 0.2551148
350 104 0.2292058
352 104 0.2551148
355 106 0.2032968
357 106 0.2032968
359 108 0.1773878
362 109 0.1773878
364 110 0.1773878
366 111 0.1514788
369 112 0.2292058
371 113 0.2292058
373 114 0.2551148
377 115 0.2292058
379 116 0.2292058
381 117 0.2292058
384 117 0.2551148
386 118 0.2292058
388 119 0.1773878
391 119 0.2810238
393 120 0.2292058
395 121 0.2292058
398 121 0.2810238
400 122 0.2292058
402 124 0.2032968
405 125 0.2292058
407 125 0.2292058
409 127 0.1773878
412 127 0.2551148
414 127 0.2551148
416 128 0.2292058
420 129 0.2292058
422 130 0.1773878
424 131 0.1514788
427 132 0.2032968
429 133 0.2292058
431 134 0.1514788
434 134 0.2551148
436 135 0.2551148
438 136 0.2032968
441 137 0.2810238
443 137 0.2551148
446 138 0.2551148
448 140 0.1255698
450 140 0.0996608
453 141 0.0219338
455 142 0.0219338
457 142 0.0996608
461 143 0.0737518
463 145 0.0478428
465 145 0.0478428
468 145 0.4105688
470 146 0.5401138
472 147 0.0219338
475 148 0.0478428
477 148 0.3069328
479 149 1.7319278
482 147 1.7578368
484 149 1.6801098
486 148 1.5764738
489 150 1.1360208
491 152 1.8614728
493 150 1.3432928
496 153 2.5869248
498 151 1.7319278
500 152 2.2501078
504 151 2.3796528
506 152 1.5505648
508 153 1.0064758
511 153 0.6955678
513 153 0.4364778
515 154 0.3846598
518 154 0.2032968
520 154 0.1773878
522 153 0.1514788
525 153 0.0219338
527 153 0.0478428
529 153 0.0478428
532 153 0.1255698
534 153 0.0996608
536 153 0.3069328
539 152 0.2551148
541 152 0.3587508
543 152 0.4623868
547 152 0.1514788
549 152 0.3069328
551 152 0.1773878
554 152 0.0737518
556 153 0.0996608
558 153 0.0478428
561 153 0.0737518
563 153 0.0737518
565 153 0.1514788
568 153 0.4882958
570 153 0.1255698
572 153 0.2551148
575 153 0.0737518
577 153 0.1514788
579 153 0.0996608
582 153 0.1255698
