0 -2 0.3069328
3 -3 0.1514788
5 -2 0.3328418
7 -3 0.0996608
10 -2 0.2292058
12 -2 0.2292058
14 -2 0.1514788
17 -2 0.3328418
19 -3 0.0737518
21 -2 0.2810238
24 -2 0.7732948
26 -5 2.8978328
29 -5 2.8460148
31 -5 2.8978328
34 -5 2.7423788
37 -5 2.8460148
39 -5 2.6905608
41 -4 2.2501078
44 -4 1.4987468
46 -5 2.7164698
48 -5 2.6387428
51 -4 2.6646518
53 -4 2.6128338
55 -4 2.5869248
58 -4 2.6128338
60 -4 2.6128338
62 -3 2.4055618
65 -2 1.4728378
67 -2 1.5764738
69 -2 1.8873818
72 -2 1.9910178
74 -2 2.1205628
77 -2 2.2501078
80 -2 2.4832888
82 -2 1.4469288
84 0 1.6801098
87 -1 1.9910178
89 -1 2.3278348
91 0 1.3432928
94 0 1.9132908
96 0 2.4314708
98 0 1.7578368
101 0 2.4055618
103 1 1.7837458
105 2 1.2914748
108 2 2.0428358
110 2 1.7060188
112 3 1.5246558
115 4 1.3432928
117 4 1.1101118
120 4 1.1101118
123 4 1.1101118
125 5 1.0842028
127 6 1.2396568
130 6 1.3432928
132 6 1.4210198
134 6 1.6023828
137 7 1.0064758
139 8 1.2137478
141 8 1.3692018
144 8 1.6023828
146 8 1.0323848
148 10 1.2137478
151 10 1.3432928
153 10 1.4987468
155 11 1.6282918
158 11 1.0582938
160 12 1.0842028
163 12 1.3173838
166 12 1.3951108
168 13 1.4987468
170 14 1.6801098
173 14 1.0323848
175 14 1.2396568
177 15 1.3951108
180 15 1.6282918
182 16 1.0842028
185 17 1.3173838
187 17 1.5505648
189 18 1.0582938
192 19 1.3432928
194 19 0.9287488
196 19 1.2137478
199 20 1.3951108
201 21 1.0842028
203 21 1.2396568
207 22 0.9805668
209 23 1.2396568
211 23 0.9805668
214 23 1.2655658
216 24 1.0323848
218 24 1.3173838
221 24 1.1101118
223 24 0.9287488
225 25 1.1360208
228 27 0.9028398
230 27 1.1878388
232 28 0.9287488
235 28 1.2396568
237 29 1.0323848
239 30 1.2655658
242 30 1.0582938
244 30 1.2914748
247 31 1.0064758
250 31 1.3173838
252 32 1.0582938
254 33 0.9287488
257 33 1.1360208
259 34 0.9287488
261 35 1.2655658
264 35 1.0582938
266 36 0.8510218
268 37 1.1360208
271 38 0.9805668
273 38 1.2137478
275 39 1.0842028
278 40 0.8769308
280 40 1.1360208
282 40 1.0582938
285 40 0.7992038
287 41 1.1878388
290 41 1.0323848
293 42 0.8251128
295 42 1.1619298
297 43 1.0582938
300 44 0.9028398
302 44 1.2137478
304 45 1.0582938
307 46 0.9028398
309 46 1.2137478
311 47 1.0582938
314 48 0.8510218
316 49 1.1619298
318 49 0.9805668
321 49 0.9028398
323 50 1.1619298
325 51 0.9028398
328 51 1.2396568
330 52 1.0842028
333 53 0.8769308
336 53 1.1619298
338 54 1.0323848
340 55 0.8510218
343 55 1.1878388
345 56 0.9546578
347 57 1.2914748
350 58 1.0842028
352 58 0.8510218
354 58 1.2137478
357 59 0.9805668
359 59 1.2396568
362 59 1.1101118
364 61 0.8769308
366 61 1.2396568
369 62 1.0582938
371 63 0.8510218
373 63 1.2137478
377 64 1.0582938
379 64 0.8510218
381 64 1.1878388
384 65 1.0582938
386 66 0.8510218
388 67 1.1619298
391 67 1.0323848
393 68 0.7992038
395 68 1.1878388
398 70 1.0842028
400 70 0.8769308
402 70 0.8769308
405 71 1.1101118
407 72 1.0064758
409 72 0.8510218
412 73 1.1101118
414 73 0.9805668
416 74 1.0842028
420 74 1.0582938
422 75 0.9287488
424 75 1.2914748
427 76 1.0842028
429 78 0.8769308
431 78 1.2396568
434 78 1.0582938
436 79 0.8510218
438 79 1.1619298
441 80 1.0064758
443 81 0.9028398
445 82 1.1360208
448 82 0.9287488
450 83 1.2655658
452 83 1.0323848
455 83 1.2137478
457 85 1.1360208
459 86 0.8769308
463 86 1.2137478
465 87 1.1101118
467 88 0.8510218
470 88 1.2396568
472 88 1.0582938
474 89 0.9028398
477 89 1.2137478
479 90 1.0582938
481 91 0.9028398
484 91 1.2655658
486 92 1.0582938
488 93 0.9028398
491 93 1.1360208
493 94 0.8769308
495 95 1.1619298
498 95 1.0064758
500 95 1.1360208
503 97 1.0842028
506 98 0.9287488
508 98 1.2137478
510 99 1.0582938
513 99 1.2914748
515 100 1.1878388
517 100 0.8510218
520 101 1.1878388
522 101 0.8769308
524 102 1.2137478
527 103 0.9287488
529 103 1.2137478
532 104 0.9028398
534 104 1.1878388
536 105 0.9546578
539 106 1.2396568
541 106 1.0323848
543 107 0.8510218
547 107 1.1619298
549 108 1.0064758
551 109 0.8769308
554 109 1.1360208
556 109 1.0064758
558 110 1.3432928
561 111 1.1360208
563 112 0.9028398
565 112 1.2396568
568 113 1.0582938
570 114 0.8510218
572 114 1.1878388
575 115 1.0064758
577 115 1.3432928
579 116 1.1360208
582 117 0.9287488
584 117 1.1878388
586 117 1.0582938
590 118 0.8510218
592 118 1.1360208
594 119 0.9287488
597 119 1.2396568
599 120 1.0582938
601 120 1.2655658
604 121 1.1101118
606 121 0.8769308
608 121 1.1878388
611 122 1.0064758
613 123 1.1101118
615 124 1.1101118
618 125 0.9546578
620 125 1.2396568
622 126 1.1101118
625 126 1.0323848
627 126 1.1619298
629 126 0.9805668
633 127 1.1878388
635 128 0.8769308
637 128 1.2137478
640 129 0.9546578
642 129 1.2396568
644 130 1.0842028
647 130 0.9546578
649 130 1.1878388
651 131 0.9805668
654 132 1.2655658
656 132 1.1101118
658 133 0.7992038
661 134 1.1878388
663 134 0.9287488
665 134 1.1878388
668 135 0.9805668
670 135 1.2914748
674 136 1.1101118
676 137 0.8510218
678 137 1.1878388
681 138 0.9805668
683 139 1.3173838
685 139 1.1360208
688 140 0.4105688
690 141 0.4882958
692 141 0.4882958
695 141 0.8251128
697 142 0.5919318
699 142 0.5401138
702 143 0.5919318
704 143 0.5660228
706 144 0.1514788
709 145 0.0737518
711 145 0.0478428
713 145 0.0219338
717 146 0.3069328
719 146 0.1514788
721 147 0.0996608
724 147 0.0219338
726 148 0.0219338
728 148 0.0478428
731 148 0.0219338
733 149 -0.0039752
735 149 0.0737518
738 149 0.1773878
740 149 0.0737518
742 150 0.0996608
745 150 0.0996608
747 150 0.2810238
749 150 -0.2630652
752 151 0.0478428
754 151 0.0219338
756 151 0.0478428
760 151 0.0737518
762 151 0.0996608
764 152 0.3069328
767 151 0.1514788
769 152 0.3587508
771 152 0.2292058
774 152 0.0737518
776 152 0.0996608
778 152 0.0478428
781 152 0.0737518
783 153 -0.0039752
785 152 0.0737518
788 152 0.0478428
790 152 0.0737518
