0 -2 0.0996608
3 -2 0.2551148
5 -2 0.0478428
7 -2 0.0996608
10 -2 0.2032968
12 -2 0.0996608
14 -2 0.2292058
17 -2 0.0996608
19 -2 0.1255698
22 -2 0.1514788
24 -3 1.1619298
26 -5 3.0273778
29 -5 3.1051048
31 -5 2.8719238
34 -4 1.9651088
37 -5 2.8719238
39 -5 2.7682878
41 -4 1.3692018
44 -3 1.7837458
46 -3 2.0687448
48 -2 1.2914748
51 -2 1.8873818
53 -1 1.4987468
55 -2 2.1982898
58 -1 1.8096548
60 -1 1.6282918
62 0 1.4728378
65 0 1.4469288
67 0 1.4469288
69 0 1.4469288
72 0 1.5505648
74 1 1.0582938
77 2 1.1878388
80 3 1.3692018
82 4 1.0323848
84 4 1.2655658
87 5 0.9546578
89 5 0.7992038
91 6 1.1360208
94 6 1.0323848
96 7 1.0064758
98 8 0.9287488
101 8 0.9287488
103 9 0.9028398
105 9 0.5919318
108 11 0.6955678
110 11 0.7214768
112 12 0.7992038
115 12 0.8251128
117 13 0.5919318
120 14 0.6955678
123 14 0.7732948
125 15 0.5401138
127 15 0.6696588
130 16 0.7473858
132 17 0.7214768
134 18 0.6437498
137 19 0.6437498
139 20 0.7992038
141 21 0.5919318
144 21 0.5919318
146 22 0.5919318
148 23 0.5660228
151 23 0.6955678
153 24 0.4364778
155 24 0.6696588
158 25 0.4105688
160 26 0.6178408
163 27 0.4623868
166 28 0.6437498
168 29 0.4882958
171 30 0.5401138
173 31 0.5401138
175 31 0.3846598
178 32 0.5919318
180 34 0.4105688
182 34 0.4105688
185 34 0.4882958
187 36 0.4105688
189 36 0.4882958
192 37 0.5401138
194 39 0.4364778
196 39 0.5401138
199 40 0.4623868
201 40 0.2292058
203 41 0.5142048
207 42 0.4364778
209 42 0.5142048
211 42 0.5142048
214 44 0.2292058
216 45 0.5660228
218 46 0.4364778
221 47 0.4364778
223 47 0.4882958
225 49 0.2810238
228 50 0.5660228
230 50 0.4623868
232 51 0.4105688
235 52 0.5660228
237 53 0.3587508
239 53 0.2292058
242 55 0.5401138
244 56 0.4105688
247 56 0.2810238
250 58 0.4105688
252 59 0.3328418
254 59 0.4364778
257 59 0.5142048
259 60 0.3846598
261 61 0.4364778
264 62 0.4364778
266 63 0.4364778
268 64 0.5401138
271 64 0.5142048
273 65 0.3587508
275 66 0.5142048
278 67 0.4882958
280 68 0.2292058
282 69 0.5142048
285 70 0.4882958
287 71 0.3587508
290 71 0.5142048
293 72 0.3587508
295 73 0.2551148
297 74 0.5660228
300 74 0.4623868
302 75 0.2551148
305 76 0.4882958
307 78 0.3587508
309 78 0.3587508
312 79 0.5142048
314 80 0.3846598
316 81 0.3587508
319 82 0.4882958
321 83 0.4364778
323 83 0.2032968
326 84 0.4364778
328 85 0.4105688
330 86 0.5401138
334 87 0.4364778
336 88 0.2292058
338 88 0.4882958
341 89 0.4882958
343 90 0.4105688
345 91 0.5401138
348 92 0.3069328
350 93 0.2810238
352 93 0.5401138
355 95 0.4364778
357 95 0.5401138
359 96 0.4623868
362 98 0.3069328
364 98 0.5660228
366 99 0.4882958
369 100 0.4364778
371 100 0.4105688
373 101 0.3328418
377 102 0.6178408
379 104 0.4623868
381 104 0.2551148
384 104 0.4364778
386 106 0.3069328
388 106 0.5401138
391 107 0.4882958
393 108 0.2810238
395 109 0.4623868
398 109 0.3587508
400 110 0.3069328
402 112 0.5660228
405 113 0.3846598
407 113 0.3587508
409 114 0.4105688
412 115 0.4105688
414 115 0.1773878
416 117 0.4882958
420 117 0.4364778
422 118 0.3846598
424 119 0.4882958
427 119 0.2810238
429 120 0.4623868
431 121 0.5142048
434 121 0.4364778
436 122 0.5142048
438 123 0.4105688
441 124 0.2810238
443 125 0.5142048
445 125 0.4882958
448 127 0.4105688
450 127 0.4364778
453 127 0.3328418
455 128 0.5660228
457 129 0.4882958
461 129 0.4623868
463 130 0.4105688
465 131 0.3069328
468 132 0.5142048
470 133 0.4364778
472 133 0.2551148
475 134 0.4623868
477 135 0.3587508
479 136 0.3587508
482 136 0.5401138
484 137 0.3328418
486 138 0.4105688
489 139 0.4105688
491 140 0.3846598
493 141 0.0737518
496 141 0.0996608
498 142 0.0478428
500 142 0.0737518
504 143 0.0478428
506 144 0.0478428
508 145 0.0996608
511 145 0.0737518
513 146 0.0478428
515 146 0.0737518
518 147 0.0737518
520 148 0.0219338
522 147 0.4364778
525 149 1.5764738
527 148 0.6437498
529 150 1.5246558
532 149 0.6955678
534 151 2.1205628
536 150 1.3173838
539 151 1.0582938
541 151 2.8201058
543 151 2.6387428
547 153 2.6387428
549 151 2.3019258
551 154 1.8614728
554 153 1.2914748
556 153 0.8510218
558 153 0.1773878
561 153 0.1773878
563 153 0.2810238
565 153 0.1514788
568 153 0.1773878
570 153 0.0996608
