0 -1 0.1255698
2 -1 0.3587508
5 -1 0.1514788
7 -1 0.2810238
9 -4 2.7941968
12 -4 2.7941968
14 -4 2.7682878
16 -4 2.6905608
19 -2 1.4469288
21 -3 2.6128338
23 -3 2.4573798
26 -2 2.2501078
28 -2 2.0169268
30 -2 2.0169268
33 -2 2.0169268
35 -2 2.0946538
38 -2 2.2241988
41 -2 2.4055618
43 -2 2.4573798
45 0 1.4210198
48 0 1.7578368
50 0 1.9910178
52 -1 2.2760168
55 -1 2.4573798
57 0 1.6023828
59 0 1.9132908
62 0 2.1723808
64 0 1.7060188
66 1 1.7837458
69 1 2.1982898
71 2 1.5505648
73 2 2.0687448
76 3 1.5764738
78 3 2.1723808
81 4 1.7060188
84 4 1.5505648
86 4 1.4210198
88 5 1.2914748
91 5 1.2914748
93 6 1.3432928
96 6 1.3692018
98 6 1.4728378
100 7 1.0582938
103 7 1.2396568
105 8 1.2655658
107 8 1.1360208
110 9 1.2914748
112 10 1.0323848
114 10 1.2137478
117 11 1.3432928
119 11 1.1360208
122 12 1.2914748
125 12 1.5505648
127 12 1.0323848
129 12 1.2914748
132 13 1.4987468
134 14 1.0323848
136 14 1.2655658
139 14 1.4210198
141 15 1.0842028
143 15 1.2655658
146 16 0.9287488
148 17 1.1878388
150 18 1.3692018
153 19 1.1101118
155 19 1.2914748
157 20 1.0064758
160 20 1.2655658
162 21 0.8769308
165 21 1.2137478
168 22 1.0323848
170 23 0.9546578
172 23 1.0582938
175 24 0.9546578
177 23 1.0323848
179 24 1.0582938
182 25 0.9805668
184 25 0.7473858
186 26 1.1360208
189 27 1.1101118
191 28 0.9287488
193 28 0.8769308
196 29 1.0842028
198 30 1.0582938
200 30 0.9028398
203 31 0.8251128
205 31 1.0582938
208 32 0.9805668
211 33 0.7214768
213 33 1.1619298
215 34 1.0323848
218 34 0.9805668
220 35 0.8510218
222 36 0.8510218
225 36 1.0842028
227 38 0.9546578
229 39 0.7992038
232 39 1.1360208
234 40 1.0323848
236 40 0.9028398
239 40 0.9287488
241 41 0.6696588
243 41 1.0842028
246 41 1.0323848
248 42 1.0064758
252 42 0.9287488
254 43 0.8510218
256 44 0.8251128
259 45 0.7473858
261 46 0.8251128
263 46 1.0582938
266 47 0.9805668
268 48 0.9287488
270 49 0.8769308
273 50 0.7992038
275 50 0.7214768
277 50 1.0582938
280 51 1.0064758
282 51 0.9028398
284 52 0.9546578
287 53 0.7473858
289 53 0.7732948
291 55 1.1101118
295 55 1.0323848
297 56 1.0064758
299 57 0.8510218
302 57 0.7214768
304 58 1.0582938
306 59 0.9805668
309 59 0.8769308
311 59 0.7473858
313 60 0.9287488
316 61 1.0582938
318 61 0.9546578
320 63 0.9287488
323 63 0.7992038
325 64 0.7992038
327 64 0.8251128
330 64 1.0323848
332 65 0.9805668
334 66 0.9546578
338 67 0.9028398
340 68 0.7732948
342 68 0.7473858
345 69 0.6955678
347 70 0.8510218
349 71 0.9805668
352 71 1.0064758
354 71 0.9546578
356 72 0.9287488
359 73 0.9028398
361 73 0.8510218
363 74 0.7732948
366 74 0.7214768
368 75 1.0323848
370 75 1.0064758
373 76 0.9805668
375 78 0.9287488
378 78 0.7732948
381 79 0.7732948
383 79 1.0582938
385 80 1.0842028
388 81 1.0064758
390 82 0.8769308
392 82 0.8251128
395 83 0.7473858
397 83 1.0842028
399 83 0.9546578
402 85 0.9546578
404 86 0.7732948
406 86 0.7214768
409 87 0.8769308
411 88 1.0842028
414 88 0.9287488
416 89 0.9546578
418 89 0.8510218
422 90 0.8510218
424 91 0.7992038
426 92 0.7214768
429 92 0.9287488
431 93 1.0842028
433 93 1.0064758
436 94 0.9028398
438 95 0.8769308
440 95 0.7473858
443 96 0.9546578
445 97 1.0582938
447 98 0.9805668
450 99 0.9287488
452 99 0.7992038
454 100 1.1360208
457 100 1.0582938
459 100 0.9028398
461 102 0.8510218
465 102 1.1101118
467 103 1.0323848
469 104 0.9287488
472 104 0.7992038
474 104 1.0842028
476 105 1.0323848
479 106 0.9805668
481 106 0.9028398
483 107 0.7732948
486 108 0.6955678
488 108 1.0323848
490 109 1.0842028
493 110 0.9805668
495 110 0.9028398
497 112 0.9287488
500 113 0.7732948
502 113 0.7732948
504 113 0.6178408
508 114 0.9546578
510 115 0.9805668
512 115 0.9805668
515 116 0.9805668
517 117 0.8769308
519 117 0.9028398
522 118 0.7732948
524 118 0.7214768
526 119 1.0064758
529 119 1.0323848
531 120 0.9805668
533 120 0.8769308
536 121 0.8251128
538 121 0.7732948
540 121 1.0582938
543 122 1.0582938
545 123 0.9287488
547 124 0.8769308
551 125 0.6955678
553 125 1.0582938
556 126 1.0323848
558 126 0.9546578
560 127 0.8510218
563 127 0.7732948
565 127 1.1360208
567 128 1.0582938
570 129 0.9028398
572 129 0.7992038
574 130 0.7214768
577 130 1.0323848
579 131 1.0064758
581 132 0.9287488
584 132 0.9287488
586 133 0.7473858
588 133 1.0323848
592 134 1.0582938
594 134 1.0064758
596 135 0.9028398
599 136 0.7992038
601 136 1.0582938
603 137 1.0323848
606 138 0.9805668
608 138 0.9287488
610 139 0.8251128
613 140 0.6955678
615 141 0.1514788
617 141 0.1255698
620 142 0.0996608
622 142 0.1773878
624 142 0.3328418
627 142 0.4364778
629 144 0.2810238
631 144 0.2032968
635 145 0.2551148
637 145 0.0737518
639 145 0.0737518
642 146 0.0737518
644 147 0.0996608
646 147 0.0996608
649 148 0.0478428
651 148 0.0478428
653 149 0.0737518
656 149 0.1514788
658 149 0.5401138
660 149 0.1255698
663 150 0.1773878
665 150 0.0996608
667 150 0.4364778
670 150 0.2032968
672 151 0.3587508
674 151 0.0737518
678 151 0.0737518
680 151 0.1773878
682 152 0.7473858
685 152 0.1255698
687 152 0.3846598
689 152 0.2032968
692 153 0.1773878
694 153 0.3846598
697 153 0.1255698
699 153 0.3846598
701 153 0.0996608
704 153 0.2551148
706 153 0.0737518
708 153 0.0996608
