0 153 0.0737518
13 153 0.0478428
26 153 0.0737518
40 153 0.0478428
53 153 0.0996608
66 153 0.0737518
80 152 0.0996608
93 152 0.3587508
106 152 0.0737518
121 151 0.3328418
134 150 0.0737518
147 150 0.0737518
160 150 0.0737518
174 149 0.1255698
187 149 0.0478428
200 149 0.3069328
214 147 0.3328418
227 147 0.2551148
240 147 0.0737518
254 147 0.1255698
267 147 0.0737518
280 145 0.0996608
294 145 0.1255698
307 145 0.0478428
320 144 0.0478428
334 144 0.1255698
347 144 0.1514788
360 143 0.3328418
373 142 0.3328418
387 142 0.0737518
400 142 0.0737518
413 142 0.4623868
427 142 0.3328418
440 142 0.0737518
453 140 0.0996608
467 139 0.0996608
480 139 0.0478428
493 138 0.0737518
507 138 0.0478428
520 138 0.0996608
534 137 0.0737518
548 137 0.0478428
561 136 0.0737518
574 136 0.0478428
587 136 0.3069328
601 136 0.2551148
614 136 0.1773878
627 135 0.2032968
641 134 0.0737518
654 134 0.1773878
667 134 0.0996608
681 134 0.2551148
694 134 0.3587508
707 133 0.0996608
721 132 0.1773878
734 131 0.0478428
747 131 0.0478428
761 131 0.1514788
774 131 0.1773878
787 131 0.0478428
800 130 0.1514788
814 128 0.0996608
827 128 0.0478428
840 128 0.0478428
854 128 0.2032968
867 128 0.2292058
880 127 0.0478428
894 127 0.0737518
907 125 0.4364778
920 125 0.0737518
934 125 0.1514788
948 125 0.0996608
961 124 0.0737518
975 122 0.8769308
988 122 0.8251128
1001 122 0.0737518
1014 123 0.7473858
1028 123 0.4364778
1041 122 0.0478428
1054 121 0.0478428
1068 121 0.0737518
1081 121 0.0737518
1094 120 0.0478428
1108 120 0.0996608
1121 120 0.0996608
1134 120 0.0737518
1148 119 0.2032968
1161 117 0.1255698
1174 118 0.0478428
1188 117 0.1773878
1201 117 0.2032968
1214 117 0.1255698
1227 116 0.1773878
1241 115 0.2292058
1254 115 0.1773878
1267 115 0.0996608
1281 115 0.2292058
1294 115 0.3328418
1307 114 0.0478428
1321 113 0.0996608
1334 111 0.3328418
1347 111 0.0737518
1362 111 0.0737518
1375 112 0.4623868
1388 111 0.1255698
1402 110 0.8769308
1415 109 0.0478428
1428 109 0.1773878
1441 109 0.0478428
1455 109 0.1255698
1468 109 0.0996608
1481 108 0.1514788
1495 107 0.0737518
1508 106 0.0737518
1521 106 0.0219338
1535 107 0.2810238
1548 107 0.2810238
1561 106 0.1514788
1575 104 0.3587508
1588 104 0.3328418
1601 104 0.0737518
1615 104 0.1514788
1628 104 0.2810238
1641 104 0.2810238
1654 103 0.0737518
1668 101 0.2551148
1681 101 0.1255698
1694 101 0.0737518
1708 101 0.0219338
1721 101 0.1773878
1734 101 0.2292058
1748 100 0.0737518
1761 99 0.1255698
1775 97 0.1514788
1789 98 0.0737518
1802 98 0.0737518
1815 98 0.2551148
1829 98 0.2551148
1842 96 0.0996608
1855 95 0.4105688
1868 95 0.0478428
1882 95 0.0478428
1895 95 0.2292058
1908 95 0.1773878
1922 94 0.0478428
1935 93 0.3846598
1948 93 0.1514788
1962 92 0.0219338
1975 93 0.3328418
1988 92 0.1773878
2002 91 0.0737518
2015 90 0.8769308
2028 90 0.2292058
2042 90 0.0737518
2055 90 0.0737518
2068 90 0.2551148
2081 90 0.0996608
2095 89 0.0737518
2108 88 0.0219338
2121 87 0.0219338
2135 87 0.0478428
2148 87 0.0737518
2161 87 0.2292058
2175 87 0.3587508
2189 86 0.0478428
2202 84 0.5919318
2216 84 0.0737518
2229 84 0.0737518
2242 85 0.3587508
2256 85 0.5401138
2269 84 0.0737518
2282 83 0.0737518
2296 82 0.0737518
2309 82 0.0478428
2322 82 0.0219338
2335 81 0.0737518
2349 80 0.2292058
2362 80 0.0996608
2375 80 0.0478428
2389 79 0.1514788
2402 80 0.1773878
2415 79 0.0996608
2429 78 0.0478428
2442 77 0.1255698
2455 74 1.1619298
2469 75 0.0737518
2482 76 0.0996608
2495 77 0.2551148
2508 76 0.4105688
2522 75 0.1514788
2535 74 0.0478428
2548 74 0.0219338
2562 74 0.0478428
2575 74 0.0996608
2588 74 0.2032968
2603 74 0.0478428
2616 72 0.1514788
2629 71 0.0478428
2643 71 0.0737518
2656 71 0.0737518
2669 72 0.2032968
2683 71 0.0996608
2696 70 0.0478428
2709 69 0.1773878
2723 69 0.0478428
2736 68 0.0737518
2749 68 0.1773878
2762 68 0.0737518
2776 68 0.0478428
2789 68 0.0996608
2802 66 0.2032968
2816 65 0.5142048
2829 65 0.0737518
2842 65 0.1514788
2856 65 0.1773878
2869 65 0.2292058
2882 64 0.0737518
2896 64 0.0478428
2909 63 0.0478428
2922 63 0.0737518
2936 62 0.3328418
2949 62 0.0737518
2962 61 0.0737518
2975 61 0.2032968
2989 61 0.0996608
3002 60 0.0737518
3016 60 0.0478428
3030 59 0.0996608
3043 59 0.0737518
3056 59 0.0478428
3070 59 0.0737518
3083 59 0.0219338
3096 58 0.0478428
3110 56 0.0996608
3123 55 0.3328418
3136 55 0.0478428
3150 56 0.0737518
3163 56 0.4882958
3176 56 0.2810238
3189 55 0.1773878
3203 53 0.4882958
3216 52 0.3587508
3229 53 0.0737518
3243 53 0.1514788
3256 53 0.3846598
3269 53 0.2810238
3283 51 0.2810238
3296 51 0.1255698
3309 51 0.1773878
3323 50 0.0478428
3336 51 0.3328418
3349 50 0.1255698
3363 50 0.0478428
3376 48 0.9028398
3389 47 0.0996608
3402 47 0.0478428
3416 47 0.0737518
3430 47 0.3328418
3443 47 0.0478428
3457 45 0.0996608
3470 44 0.0996608
3483 45 0.0478428
3497 44 0.0478428
3510 45 0.0996608
3523 45 0.0996608
3537 44 0.0996608
3550 43 0.0219338
3563 42 0.0737518
3577 42 0.0478428
3590 42 0.0996608
3603 42 0.0737518
3616 42 0.2032968
3630 41 0.0996608
3643 40 0.0996608
3656 40 0.1514788
3670 39 0.1255698
3683 39 0.0478428
3696 39 0.1773878
3710 39 0.1773878
3723 38 0.0996608
3736 36 0.2551148
3750 36 0.0478428
3763 36 0.0737518
3776 36 0.2292058
3790 36 0.1773878
3803 36 0.0737518
3816 34 0.5660228
3829 34 0.0737518
3844 34 0.0219338
3857 34 0.0737518
3870 34 0.2032968
3884 33 0.2032968
3897 32 0.3846598
3910 31 0.0996608
3924 31 0.0996608
3937 31 0.0478428
3950 31 0.2032968
3964 30 0.2292058
3977 29 0.9287488
3990 28 0.0478428
4004 28 0.0219338
4017 28 0.0478428
4030 29 0.0996608
4043 28 0.1255698
4057 28 0.2032968
4070 27 0.2810238
4083 25 0.4105688
4097 25 0.2032968
4110 25 0.0478428
4123 25 0.0219338
4137 25 0.1255698
4150 25 0.3328418
4163 25 0.0737518
4177 24 0.0478428
4190 23 0.2292058
4203 23 0.0219338
4217 22 0.0478428
4230 21 0.0737518
4243 21 0.0737518
4257 20 0.1255698
4271 20 0.0996608
4284 20 0.0478428
4297 20 0.2292058
4311 20 0.0996608
4324 19 0.0478428
4337 16 0.4364778
4351 16 0.2810238
4364 17 0.0219338
4377 17 0.2292058
4391 17 0.1773878
4404 17 0.0478428
4417 16 0.1514788
4431 15 0.0478428
4444 15 0.0219338
4457 14 0.2032968
4470 15 0.2032968
4484 14 0.1514788
4497 14 0.0737518
4510 13 0.0996608
4524 13 0.0478428
4537 12 0.0737518
4550 12 0.0996608
4564 12 0.0996608
4577 12 0.1255698
4590 11 0.3069328
4604 10 0.2551148
4617 9 0.1514788
4630 9 0.0996608
4644 9 0.0737518
4657 9 0.2551148
4671 8 0.2810238
4684 8 0.0478428
4698 6 0.1773878
4711 6 0.1514788
4724 6 0.0478428
4738 6 0.1255698
4751 6 0.2032968
4764 6 0.0478428
4778 5 0.0478428
4791 4 0.1255698
4804 3 0.2032968
4818 1 0.2032968
4831 2 0.1773878
4844 2 0.1255698
4858 2 0.1773878
4871 2 0.1255698
4884 1 0.0737518
4897 0 0.0737518
4911 0 0.0996608
4924 0 0.0478428
4937 0 0.0737518
