0 -2 0.0996608
2 -2 0.2032968
5 -2 0.0737518
7 -2 0.2032968
9 -2 -0.0039752
12 -2 0.1773878
14 -4 2.9496508
16 -4 2.8978328
19 -4 2.5091978
21 -4 2.7941968
23 -4 2.6646518
26 -4 2.4055618
28 -3 2.3796528
30 -3 2.5351068
33 -2 1.6282918
35 -2 1.9910178
37 -1 1.3173838
41 -2 1.9391998
43 -1 1.4987468
45 -1 2.2241988
48 0 1.8096548
50 0 1.6023828
52 0 1.5246558
55 0 1.3692018
57 1 1.2914748
59 1 1.3692018
62 2 1.3951108
64 2 1.4469288
66 3 1.5246558
69 4 1.2137478
71 4 1.3692018
73 5 1.0582938
76 5 1.1360208
78 6 1.0842028
81 6 0.9546578
84 7 0.8510218
86 8 0.7732948
88 8 0.7214768
91 9 0.7473858
93 10 0.7214768
95 10 0.7992038
98 11 0.8510218
100 12 0.8251128
102 12 0.8769308
105 12 0.6178408
107 14 0.6696588
109 14 0.7214768
112 15 0.7992038
114 15 0.8251128
116 16 0.8251128
119 17 0.5142048
121 18 0.6955678
124 19 0.6955678
127 20 0.7992038
129 20 0.5660228
131 21 0.6437498
134 22 0.7214768
136 23 0.7214768
139 23 0.5142048
141 24 0.6955678
143 24 0.4882958
146 25 0.4882958
148 25 0.7214768
150 27 0.5401138
153 28 0.6437498
155 28 0.5660228
157 29 0.6437498
160 31 0.5142048
162 31 0.5401138
164 32 0.5401138
168 32 0.4105688
170 33 0.5401138
172 34 0.4364778
175 35 0.5142048
177 36 0.4882958
179 36 0.5401138
182 38 0.5401138
184 39 0.3846598
186 39 0.4364778
189 40 0.3069328
191 41 0.5919318
193 42 0.3328418
196 42 0.5401138
198 42 0.3587508
200 43 0.5919318
203 44 0.4882958
205 45 0.5919318
207 46 0.5142048
211 47 0.5401138
213 48 0.4882958
215 49 0.3846598
218 50 0.5142048
220 51 0.4364778
222 51 0.5660228
225 52 0.4105688
227 53 0.3846598
229 53 0.5142048
232 55 0.3846598
234 55 0.5660228
236 56 0.4882958
239 58 0.4105688
241 58 0.5660228
243 59 0.3587508
246 59 0.5919318
248 60 0.4364778
250 61 0.5142048
254 62 0.4364778
256 63 0.3328418
258 64 0.4882958
261 64 0.4105688
263 65 0.4623868
265 66 0.3328418
268 67 0.5401138
270 68 0.4105688
272 69 0.5142048
275 70 0.4105688
277 71 0.2551148
279 71 0.5401138
282 72 0.4105688
284 72 0.4623868
286 74 0.4105688
289 74 0.3328418
291 75 0.5401138
293 75 0.4364778
297 76 0.3328418
299 78 0.4364778
302 78 0.3587508
304 79 0.5919318
306 80 0.4364778
309 81 0.6178408
311 82 0.4105688
313 83 0.3328418
316 83 0.5660228
318 84 0.3069328
320 85 0.5919318
323 86 0.3587508
325 87 0.6178408
327 88 0.4623868
330 88 0.5919318
332 89 0.4882958
334 90 0.3069328
338 91 0.5142048
340 92 0.4105688
342 93 0.5919318
345 93 0.4623868
347 95 0.4105688
349 95 0.5142048
352 96 0.4364778
354 98 0.5401138
356 98 0.4364778
359 99 0.6178408
361 100 0.4623868
363 100 0.4623868
366 101 0.5142048
368 102 0.4105688
370 103 0.5919318
373 104 0.3587508
375 104 0.5401138
377 105 0.4364778
381 106 0.5660228
383 107 0.4623868
385 108 0.6437498
388 109 0.4105688
390 109 0.3069328
392 110 0.5660228
395 111 0.4364778
397 113 0.5660228
399 113 0.4882958
402 114 0.2551148
404 115 0.5919318
406 115 0.4882958
409 116 0.2551148
411 117 0.4623868
413 118 0.3587508
416 118 0.5919318
418 119 0.4623868
420 119 0.2810238
424 120 0.5142048
426 121 0.3846598
428 121 0.6178408
431 122 0.5401138
433 123 0.2551148
435 125 0.5142048
438 125 0.3328418
440 126 0.5919318
442 127 0.5142048
445 127 0.5919318
447 127 0.4105688
449 128 0.3587508
452 129 0.6178408
454 130 0.3587508
456 130 0.5919318
459 132 0.3328418
461 132 0.5919318
465 133 0.4882958
467 134 0.4623868
469 134 0.4882958
472 135 0.3069328
474 136 0.5401138
476 136 0.4105688
479 137 0.5660228
481 138 0.4882958
483 140 0.2551148
486 140 0.0996608
488 141 0.0996608
490 142 0.0996608
493 142 0.0737518
495 142 0.0478428
497 143 0.0996608
500 144 0.0737518
502 145 0.0996608
504 145 0.0737518
508 146 0.0737518
510 146 0.0996608
512 147 0.1255698
515 148 0.0996608
517 148 0.6437498
519 147 0.1255698
522 150 1.4987468
524 149 0.2810238
526 150 1.8096548
529 149 0.5401138
531 151 1.2396568
533 151 0.3328418
536 152 1.7578368
538 151 1.8614728
540 151 2.3278348
543 151 2.3796528
545 152 1.7060188
547 151 1.8873818
551 153 0.7214768
553 153 0.2551148
555 154 0.2292058
558 153 0.0737518
560 154 0.0478428
562 154 0.0478428
565 154 0.0478428
567 153 0.0996608
569 153 0.0478428
572 153 0.0737518
574 153 0.0478428
576 152 0.0996608
579 152 0.2032968
581 152 1.3432928
583 151 0.7214768
586 152 0.2551148
588 152 0.3587508
590 152 0.1255698
594 152 0.1773878
596 152 0.0737518
598 152 0.0737518
601 153 0.0478428
603 153 0.0737518
605 153 0.0737518
608 153 0.0737518
610 153 0.0996608
612 153 0.1255698
615 153 0.4623868
617 153 0.3069328
619 153 0.2551148
622 153 0.0996608
624 153 0.1255698
626 153 0.0478428
629 153 0.0996608
