0 -2 0.0737518
2 -1 0.0478428
4 -1 0.0219338
7 -2 0.0996608
10 -1 0.0478428
12 -1 0.0219338
15 -1 0.0478428
17 -2 0.0478428
19 -4 2.6128338
22 -4 2.9755598
24 -4 2.9237418
26 -4 2.7423788
29 -4 2.3019258
31 -3 2.0946538
34 -3 2.1723808
36 -3 2.4055618
38 -2 1.4469288
41 -2 1.9391998
43 -1 1.4210198
45 -2 2.1205628
48 -2 1.7578368
50 -1 1.5505648
53 0 1.3951108
56 0 1.3173838
58 0 1.3432928
60 0 1.4210198
63 0 1.4469288
65 1 1.0842028
67 2 1.1360208
70 2 1.3951108
72 4 1.1619298
74 4 0.8251128
77 4 1.1619298
79 5 1.0323848
81 6 0.9287488
84 6 0.9028398
86 7 0.8251128
88 8 0.8769308
91 8 0.8510218
93 9 0.8510218
96 9 0.5660228
99 10 0.6955678
101 11 0.7732948
103 11 0.7992038
106 12 0.5660228
108 13 0.6955678
110 14 0.7473858
113 15 0.5401138
115 15 0.6955678
117 15 0.7214768
120 16 0.5660228
122 17 0.6437498
124 19 0.4364778
127 20 0.5919318
129 20 0.5919318
131 21 0.6178408
134 22 0.6437498
136 23 0.5401138
139 23 0.5660228
142 24 0.4623868
144 24 0.4364778
146 25 0.5919318
149 26 0.4623868
151 27 0.4623868
153 28 0.4105688
156 29 0.4623868
158 29 0.4623868
160 31 0.4623868
163 31 0.4364778
165 32 0.3069328
167 33 0.5401138
170 34 0.3846598
172 34 0.2810238
174 35 0.5660228
177 36 0.4882958
179 38 0.3587508
183 38 0.3328418
185 39 0.4105688
187 40 0.4623868
190 41 0.2551148
192 42 0.4623868
194 42 0.4623868
197 42 0.4105688
199 43 0.2032968
201 44 0.4623868
204 45 0.3846598
206 46 0.4364778
208 47 0.1773878
211 48 0.4364778
213 49 0.5142048
215 50 0.3846598
218 51 0.2810238
220 51 0.4105688
222 52 0.3846598
226 53 0.3587508
228 54 0.1773878
230 55 0.4364778
233 56 0.4623868
235 57 0.4364778
237 58 0.2292058
240 59 0.4364778
242 59 0.4623868
244 60 0.4105688
247 61 0.2032968
249 62 0.4364778
251 63 0.4364778
254 64 0.4105688
256 65 0.3069328
258 65 0.4105688
261 66 0.4105688
263 68 0.4623868
266 68 0.2292058
269 69 0.3587508
271 70 0.4882958
273 71 0.4105688
276 72 0.3069328
278 72 0.3069328
280 74 0.3846598
283 74 0.4882958
285 75 0.3587508
287 75 0.2292058
290 76 0.3587508
292 78 0.4105688
294 78 0.4105688
297 79 0.3846598
299 80 0.3069328
301 81 0.4882958
304 83 0.4364778
306 83 0.3328418
309 83 0.3846598
312 84 0.5142048
314 86 0.3587508
316 87 0.3846598
319 88 0.3328418
321 88 0.5142048
323 89 0.3587508
326 90 0.2551148
328 90 0.3587508
330 92 0.4364778
333 93 0.4105688
335 94 0.3846598
338 95 0.3587508
340 95 0.5401138
342 96 0.4105688
345 98 0.2810238
347 98 0.4105688
349 99 0.4882958
353 100 0.4364778
355 100 0.4623868
357 101 0.3587508
360 102 0.5142048
362 104 0.3328418
364 104 0.2551148
367 104 0.4623868
369 106 0.4882958
371 106 0.3587508
374 108 0.3587508
376 109 0.3846598
378 109 0.4623868
381 110 0.3587508
383 111 0.1514788
385 113 0.3846598
388 113 0.4882958
390 114 0.3587508
392 115 0.3587508
396 115 0.3069328
398 116 0.5142048
400 117 0.3846598
403 118 0.2810238
405 119 0.3328418
407 119 0.1773878
410 120 0.4364778
412 121 0.4105688
414 121 0.3587508
417 122 0.2292058
419 123 0.4105688
421 124 0.3328418
424 125 0.4105688
426 126 0.2292058
428 127 0.4623868
431 127 0.4882958
433 127 0.4105688
435 128 0.1773878
439 129 0.4364778
441 130 0.4105688
443 131 0.4105688
446 132 0.3587508
448 132 0.4364778
450 133 0.4105688
453 134 0.3587508
455 134 0.3846598
457 135 0.4105688
460 136 0.3328418
462 137 0.3587508
464 138 0.1773878
467 139 0.3587508
469 140 0.3587508
471 141 0.0737518
474 141 0.0478428
476 142 0.0737518
478 142 0.0478428
482 143 0.0219338
484 144 0.0478428
486 145 0.0737518
489 145 0.0478428
491 146 0.0737518
494 147 0.0737518
496 148 0.0219338
498 148 0.0478428
501 148 0.3069328
503 150 1.6282918
505 147 1.2655658
508 149 0.9028398
510 151 1.7578368
512 150 0.8251128
515 153 2.1205628
517 150 2.9237418
519 151 2.6128338
523 152 2.5610158
525 151 2.5091978
527 152 2.1982898
530 152 1.6542008
532 154 2.0169268
534 153 1.0323848
537 154 0.9287488
539 154 0.2551148
541 155 0.5919318
544 154 0.1514788
546 154 0.1255698
548 154 0.2292058
551 154 0.0737518
553 153 0.0996608
555 153 0.1773878
558 153 0.0737518
560 153 0.4105688
562 152 0.1255698
566 153 0.3846598
568 153 0.1514788
570 153 0.2292058
573 153 0.2292058
575 152 0.0996608
577 153 0.3846598
580 152 0.0996608
582 153 0.0996608
584 153 0.0737518
587 153 0.0737518
589 153 0.0996608
591 153 0.0737518
594 153 0.1514788
596 153 0.1255698
598 153 0.3846598
601 153 0.0737518
603 154 0.0737518
605 154 0.2292058
609 154 0.1514788
611 153 0.0478428
613 153 0.0996608
616 153 0.0996608
