0 153 0.0737518
13 153 0.0219338
26 153 0.0478428
40 153 0.0737518
53 153 0.0737518
66 152 0.0737518
79 152 0.0219338
93 152 0.0478428
106 151 0.4623868
119 150 0.0737518
133 150 0.0478428
146 150 0.2551148
159 150 0.2032968
173 150 0.0737518
186 149 0.0219338
199 148 0.1514788
213 147 0.0737518
226 147 0.0737518
239 147 0.0478428
253 147 0.0737518
266 145 0.1255698
279 145 0.2292058
292 145 0.0478428
306 145 0.1514788
319 145 0.1514788
332 145 0.1255698
346 145 0.3328418
359 142 0.2032968
372 142 0.2292058
386 142 0.0996608
400 142 0.0478428
413 142 0.0737518
427 141 0.1514788
440 141 0.0737518
453 140 0.1773878
467 139 0.0737518
480 139 0.0478428
493 139 0.0219338
506 139 0.0996608
520 138 0.2032968
533 137 0.2032968
546 137 0.0737518
560 137 0.0737518
573 137 0.1255698
586 137 0.3328418
600 136 0.0996608
613 135 0.2292058
626 134 0.0219338
640 134 0.0737518
653 134 0.0219338
666 134 0.2292058
680 134 0.0996608
693 133 0.1773878
706 132 0.2810238
719 131 0.0219338
733 131 0.0478428
746 131 0.2032968
759 131 0.1773878
773 131 0.0737518
786 129 0.2292058
800 129 0.0737518
814 128 0.0478428
827 129 -0.0039752
840 128 0.0996608
854 128 0.0219338
867 128 0.0737518
880 127 0.0737518
894 126 0.0478428
907 125 0.5660228
920 125 0.0737518
933 125 0.0737518
947 124 0.2032968
960 123 0.1514788
973 123 0.0478428
987 123 0.1773878
1000 123 0.1773878
1013 123 0.0478428
1027 122 0.1773878
1040 121 0.0737518
1053 121 0.0737518
1067 121 0.0478428
1080 121 0.0996608
1093 121 0.0737518
1107 120 0.1773878
1120 120 0.0737518
1133 119 0.1514788
1146 118 0.0478428
1160 118 0.0737518
1173 118 0.0996608
1186 118 0.2551148
1200 117 0.1255698
1214 117 0.0737518
1227 115 0.0478428
1241 115 0.0996608
1254 115 0.0737518
1267 115 0.1514788
1281 115 0.0996608
1294 114 0.0478428
1307 113 0.0737518
1321 112 0.1255698
1334 112 0.3069328
1347 112 0.0737518
1360 112 0.1255698
1374 112 0.0478428
1387 111 0.0478428
1400 110 0.1514788
1414 110 0.0737518
1427 109 0.0478428
1440 109 0.0478428
1454 108 0.1255698
1467 107 0.2032968
1480 107 0.0478428
1494 107 0.0219338
1507 107 0.0737518
1520 107 0.2032968
1534 107 0.1514788
1547 107 0.2810238
1560 106 0.0996608
1573 102 1.6542008
1587 104 0.0478428
1600 104 0.1514788
1613 104 0.1514788
1628 104 0.2292058
1641 104 0.1255698
1654 103 0.1255698
1668 101 0.1773878
1681 101 0.2292058
1694 101 0.0996608
1708 101 0.0996608
1721 101 0.1773878
1734 100 0.0737518
1748 100 0.1255698
1761 99 0.1255698
1774 98 0.4105688
1787 98 0.0996608
1801 98 0.0737518
1814 98 0.0478428
1827 98 0.2551148
1841 96 0.0737518
1854 95 0.3069328
1867 95 0.0996608
1881 95 0.0996608
1894 95 0.0737518
1907 95 0.1255698
1921 94 0.0478428
1934 93 0.4105688
1947 93 0.0478428
1961 92 0.1255698
1974 92 0.0737518
1987 92 0.1773878
2000 91 0.0478428
2014 90 0.5919318
2027 90 0.0478428
2041 90 0.0219338
2055 90 0.0478428
2068 90 0.1773878
2081 89 0.0737518
2095 89 0.1255698
2108 88 0.0737518
2121 87 0.0996608
2135 87 0.0996608
2148 87 0.2032968
2161 87 0.1255698
2175 86 0.1514788
2188 83 0.7992038
2201 84 0.0478428
2214 85 0.0478428
2228 85 0.8769308
2241 85 0.2551148
2254 83 0.1773878
2268 83 0.0737518
2281 83 0.0737518
2294 82 0.0478428
2308 82 0.1255698
2321 82 0.0996608
2334 81 0.0996608
2348 80 0.6955678
2361 79 0.1514788
2374 79 0.0478428
2388 79 0.1514788
2401 79 0.0737518
2414 79 0.0737518
2427 78 0.1514788
2441 77 0.2292058
2455 76 1.3692018
2468 76 0.0737518
2482 76 0.1255698
2495 76 0.0996608
2508 76 0.0478428
2522 75 0.1255698
2535 74 0.3069328
2548 74 0.0478428
2562 74 0.0478428
2575 74 0.0996608
2588 74 0.2551148
2602 74 0.2292058
2615 72 0.0996608
2628 71 0.1255698
2641 71 0.0478428
2655 71 0.0478428
2668 71 0.3069328
2681 71 0.1514788
2695 70 0.0737518
2708 69 0.1514788
2721 68 -0.0039752
2735 68 0.0737518
2748 68 0.2551148
2761 68 0.1255698
2775 68 0.0996608
2788 67 0.0478428
2801 66 0.1773878
2815 64 0.2551148
2828 65 0.0737518
2841 65 0.1255698
2854 65 0.1255698
2869 65 0.0996608
2882 64 0.1255698
2895 63 0.0737518
2909 63 0.0996608
2922 62 0.2032968
2935 61 0.0996608
2949 61 0.1255698
2962 61 0.0478428
2975 61 0.0737518
2989 60 0.0737518
3002 60 0.0996608
3015 60 0.0737518
3029 59 0.0737518
3042 59 0.0478428
3055 59 0.0737518
3069 59 0.0737518
3082 57 0.0996608
3095 56 1.1360208
3108 56 0.2032968
3122 56 0.0737518
3135 56 0.1514788
3148 57 0.1514788
3162 56 0.0737518
3175 55 0.0737518
3188 53 0.1773878
3202 53 0.1255698
3215 53 0.0219338
3228 53 0.1773878
3242 53 0.1514788
3255 53 0.0478428
3268 52 0.2810238
3283 51 0.2551148
3296 51 0.0737518
3309 51 0.0737518
3322 51 0.1255698
3336 50 0.1514788
3349 50 0.0996608
3362 49 0.0996608
3376 47 0.8510218
3389 47 0.0996608
3402 48 0.1773878
3416 48 0.4623868
3429 47 0.0478428
3442 46 0.1514788
3456 44 0.3587508
3469 44 0.0737518
3482 45 0.0219338
3496 45 0.0737518
3509 45 0.2292058
3522 44 0.3846598
3535 43 0.2810238
3549 42 0.0996608
3562 42 0.0737518
3575 42 0.0996608
3589 42 0.4105688
3602 42 0.3587508
3615 42 0.1514788
3629 41 0.1255698
3642 40 0.0737518
3655 40 0.0996608
3669 40 0.0478428
3682 40 0.2032968
3696 39 0.0996608
3710 37 0.3069328
3723 36 0.0478428
3736 36 0.0996608
3749 37 0.1514788
3763 37 0.2032968
3776 36 0.0737518
3789 35 0.1773878
3803 33 0.2292058
3816 34 0.0996608
3829 34 0.1255698
3843 34 0.3587508
3856 34 0.1514788
3869 33 0.0478428
3883 32 0.6696588
3896 31 0.1255698
3909 31 0.0737518
3923 31 0.0478428
3936 31 0.1255698
3949 31 0.0996608
3962 29 0.2810238
3976 27 0.2292058
3989 28 0.0737518
4002 28 0.0478428
4016 28 0.0737518
4029 28 0.2292058
4042 28 0.0996608
4056 27 0.0478428
4069 26 0.5660228
4082 26 0.0478428
4097 26 0.0219338
4110 26 0.1255698
4123 26 0.2032968
4137 25 0.0737518
4150 25 0.0996608
4163 24 0.1255698
4176 23 0.0996608
4190 23 0.1514788
4203 23 0.3587508
4216 23 0.1514788
4230 20 0.7992038
4243 21 0.0996608
4256 21 0.0737518
4270 21 0.0996608
4283 21 0.2551148
4296 20 0.0996608
4310 19 0.0737518
4323 18 0.0996608
4336 16 0.3069328
4350 17 0.0737518
4363 17 0.1773878
4376 17 0.2032968
4389 17 0.0219338
4403 16 0.0996608
4416 15 0.0737518
4429 15 0.0996608
4443 15 0.0478428
4456 14 0.0478428
4469 14 0.2032968
4483 13 0.1255698
4496 12 0.0737518
4509 12 0.0737518
4524 13 0.0737518
4537 13 0.1773878
4550 13 0.3328418
4564 12 0.0737518
4577 11 0.0737518
4590 9 0.3587508
4603 9 0.1255698
4617 10 0.0478428
4630 9 0.1255698
4643 10 0.0737518
4657 9 0.0996608
4670 8 0.2551148
4683 7 0.0737518
4697 7 0.2292058
4710 7 0.0996608
4723 6 0.2032968
4737 6 0.3069328
4750 6 0.0478428
4763 5 0.1514788
4777 4 0.0996608
4790 4 0.0737518
4803 4 0.0996608
4816 3 0.0478428
4830 2 0.7992038
4843 1 0.0478428
4856 1 0.0996608
4870 2 0.1514788
4883 2 0.4105688
4896 1 0.3328418
4910 0 0.0737518
4923 0 0.1255698
