0 153 0.1773878
8 153 0.1514788
17 152 0.1255698
25 153 0.0478428
34 153 0.2292058
42 153 0.0996608
50 153 0.1255698
58 152 0.0996608
67 152 0.0478428
76 152 0.2551148
84 152 0.0996608
92 151 0.0478428
100 150 0.0996608
108 150 0.0996608
117 149 0.1255698
126 148 0.1255698
134 148 0.1773878
142 148 0.1255698
150 147 0.1255698
159 147 0.0737518
167 146 0.2551148
175 146 0.0996608
184 145 0.0996608
192 145 0.1514788
200 145 0.0737518
209 145 0.0737518
217 145 0.1514788
225 144 0.0737518
234 144 0.0737518
242 143 0.4882958
251 142 0.2551148
259 142 0.0996608
267 141 0.2551148
275 141 0.1514788
283 141 0.1255698
293 140 0.0478428
301 140 0.0996608
309 140 0.0737518
317 139 0.2032968
325 138 0.1514788
334 137 0.0996608
342 136 0.1514788
351 136 0.4623868
359 136 0.1514788
367 135 0.1514788
376 136 0.0478428
384 136 0.0478428
392 136 0.0737518
401 136 0.1255698
409 135 0.0737518
418 134 0.3069328
426 135 0.1255698
434 134 0.3328418
442 133 0.0996608
450 131 0.1255698
460 131 0.5660228
468 131 0.5142048
476 130 0.0737518
484 130 0.0737518
492 130 0.0219338
501 130 0.0737518
509 130 0.1255698
518 129 0.1255698
526 129 0.0219338
534 128 0.3587508
543 128 0.0737518
551 127 0.2032968
559 127 0.1255698
568 126 0.0996608
576 125 1.1619298
584 125 0.0737518
593 125 0.2032968
601 124 0.0478428
609 124 0.1773878
617 123 0.0737518
626 123 0.4623868
635 122 0.0996608
643 122 0.0478428
651 122 0.1514788
659 122 0.0737518
667 122 0.0737518
676 122 0.0478428
685 121 0.0478428
693 121 0.0478428
701 121 0.4882958
709 121 0.0737518
718 120 0.1773878
726 119 0.0478428
735 118 0.0996608
743 118 0.4623868
751 117 0.1255698
760 117 0.0478428
768 116 0.2551148
776 116 0.0996608
784 116 0.0219338
793 115 0.0737518
802 115 0.0478428
810 114 0.0478428
818 114 0.1255698
826 113 0.0737518
834 112 0.0478428
843 111 0.5919318
852 111 0.9028398
860 111 0.0478428
868 111 0.1255698
876 110 0.0996608
885 110 0.2032968
893 111 0.2032968
902 110 0.0478428
910 110 0.0478428
918 110 0.2810238
927 108 0.0737518
935 107 -0.6257912
943 105 0.5660228
951 106 0.0737518
960 106 -0.0039752
968 104 0.3069328
977 104 0.0478428
985 104 0.0478428
993 104 0.0737518
1001 104 0.0996608
1009 104 0.0478428
1019 104 0.1255698
1027 104 0.0737518
1035 104 0.3587508
1043 104 0.1255698
1051 104 0.2810238
1060 102 0.0996608
1069 101 0.6696588
1077 100 0.1514788
1085 100 0.1514788
1093 100 0.0737518
1102 100 0.0478428
1110 99 0.0478428
1118 98 0.0737518
1127 98 0.4364778
1135 98 0.3328418
1144 98 0.0737518
1152 97 0.0478428
1160 96 0.0737518
1168 95 0.2292058
1176 95 0.0996608
1186 95 0.0737518
1194 95 0.0737518
1202 95 0.0737518
1210 94 0.3587508
1218 93 0.0478428
1227 93 0.0478428
1236 93 0.1514788
1244 92 0.0478428
1252 92 0.0996608
1260 91 0.2292058
1269 91 0.4623868
1277 90 0.2292058
1285 90 0.0737518
1294 90 0.0737518
1302 90 0.0996608
1311 89 0.0737518
1319 89 0.0219338
1327 88 0.0478428
1335 88 0.0478428
1343 87 0.0478428
1352 87 0.3069328
1361 86 0.0737518
1369 85 0.3587508
1377 85 0.7473858
1385 85 0.1255698
1393 85 0.0737518
1403 85 0.2032968
1411 85 0.0996608
1419 84 0.2292058
1427 84 0.0478428
1435 84 0.0996608
1444 83 0.0737518
1452 82 0.1255698
1461 82 0.1255698
1469 81 0.0478428
1477 80 0.2032968
1486 80 0.7992038
1494 80 0.0996608
1502 79 0.0737518
1510 79 0.4105688
1519 78 0.0737518
1528 78 0.0737518
1536 77 0.2292058
1544 76 0.7214768
1552 75 0.4623868
1560 76 0.1255698
1569 75 0.0478428
1578 76 0.0737518
1586 75 0.0996608
1594 75 0.0737518
1602 75 0.0737518
1611 75 0.0996608
1619 74 0.3069328
1628 74 0.0737518
1636 74 0.0996608
1644 73 0.0996608
1653 72 0.4882958
1661 71 0.0737518
1669 71 0.0996608
1677 70 0.0737518
1686 70 0.3328418
1695 69 0.0737518
1703 69 0.1514788
1711 69 0.2292058
1719 68 0.0478428
1727 68 0.0737518
1735 68 0.1514788
1745 68 0.1514788
1753 68 0.0737518
1761 67 0.0737518
1769 66 0.0996608
1777 65 0.1773878
1786 64 0.2032968
1795 64 0.3846598
1803 64 0.0996608
1811 64 0.0996608
1819 64 0.0478428
1828 64 0.0478428
1836 63 0.4105688
1844 63 0.0996608
1853 62 0.0737518
1861 60 0.1255698
1870 59 0.4882958
1878 60 0.4105688
1886 59 0.3587508
1894 59 0.0737518
1902 59 0.0737518
1912 59 0.0737518
1920 59 0.1773878
1928 59 0.1255698
1936 59 0.1514788
1944 59 0.1255698
1953 58 0.0996608
1962 57 0.0737518
1970 55 1.4987468
1978 55 0.1514788
1986 54 0.6437498
1995 54 0.0219338
2003 53 0.0996608
2011 53 0.0996608
2020 53 0.0737518
2028 53 0.0478428
2037 53 0.2292058
2045 53 0.0737518
2053 52 0.0737518
2061 51 0.0737518
2069 51 0.3587508
2079 50 0.0737518
2087 50 0.1255698
2095 50 0.2810238
2103 50 0.0737518
2111 49 0.0737518
2119 49 0.2810238
2129 49 0.0737518
2137 48 0.2292058
2145 46 0.1255698
2153 46 0.4882958
2161 45 0.0478428
2170 45 0.2551148
2178 44 0.0219338
2187 45 0.0737518
2195 45 0.0996608
2203 44 0.0737518
2212 45 0.0737518
2220 44 0.0996608
2228 44 0.0737518
2236 43 0.0996608
2245 42 0.7732948
2254 42 0.0478428
2262 42 0.2810238
2270 41 0.0737518
2278 41 0.0737518
2286 41 0.0478428
2296 40 0.0478428
2304 40 0.0737518
2312 39 0.1514788
2320 38 0.1255698
2328 37 0.6696588
2337 37 -0.1853382
2345 36 0.0737518
2354 36 0.0478428
2362 36 0.0478428
2370 36 0.0737518
2379 36 0.1773878
2387 36 0.0478428
2395 35 0.0996608
2403 35 0.0737518
2412 34 0.0996608
2421 33 0.0996608
2429 33 0.0996608
2437 32 0.2032968
2445 32 0.0737518
2453 31 0.0737518
2461 31 0.0737518
2471 31 0.0478428
2479 30 0.0478428
2487 28 0.4623868
2495 27 0.4364778
2503 28 0.3069328
2512 28 0.0478428
2521 28 0.0478428
2529 27 0.0478428
2537 27 0.0737518
2545 27 0.0737518
2554 27 0.0478428
2562 26 0.0737518
2570 25 0.0737518
2579 25 0.1514788
2587 25 0.1514788
2596 25 0.1514788
2604 24 0.0737518
2612 24 0.0478428
2620 24 0.0737518
2628 23 0.1255698
2638 23 0.1255698
2646 23 0.0737518
2654 22 0.0996608
2662 20 0.3587508
2670 20 0.9805668
2679 20 0.0737518
2688 20 0.0737518
2696 19 0.0737518
2704 19 0.0737518
2712 18 0.0737518
2721 18 0.0996608
2729 18 0.0996608
2737 17 0.0219338
2746 16 0.0737518
2754 16 0.4623868
2763 16 0.0737518
2771 15 0.0737518
2779 15 0.0996608
2787 15 0.0737518
2795 15 0.1514788
2805 14 0.0737518
2813 14 0.1514788
2821 14 0.0737518
2829 13 0.0219338
2837 12 0.2551148
2845 12 0.0737518
2855 12 0.1514788
2863 11 0.0478428
2871 10 0.3328418
2879 9 0.1773878
2887 9 0.2032968
2896 9 0.4882958
2904 9 0.0996608
2913 8 0.0478428
2921 8 0.0996608
2929 8 0.0478428
2938 8 0.0737518
2946 8 0.2292058
2954 7 0.0737518
2962 7 0.1773878
2971 6 0.0996608
2980 5 0.1773878
2988 5 0.1255698
2996 4 0.0737518
3004 4 0.2032968
3012 4 0.2292058
3022 2 0.0737518
3030 1 0.2810238
3038 2 0.0737518
3046 2 0.0219338
3054 2 0.0478428
3063 2 0.1514788
3071 1 0.0996608
3080 0 0.2292058
3088 0 0.0737518
3096 0 0.0478428
3105 0 0.0737518
