0 153 0.0737518
8 153 0.0478428
16 153 0.0737518
25 153 0.0737518
33 153 0.0478428
41 153 0.0737518
50 153 0.1773878
58 153 0.3328418
67 153 0.0996608
75 152 0.3587508
83 152 0.0478428
91 151 0.0996608
99 150 0.0737518
109 150 0.1773878
117 149 0.1255698
125 149 0.0996608
133 149 0.0996608
141 148 0.0737518
149 148 0.0996608
159 147 0.1773878
167 147 0.0737518
175 146 0.1255698
183 145 0.2032968
191 145 0.0737518
200 145 0.0219338
208 145 0.0996608
217 144 0.1773878
225 144 0.1255698
233 144 0.1514788
242 143 0.0737518
250 143 0.1255698
258 142 0.1514788
266 142 0.1514788
275 141 0.2032968
284 140 0.0996608
292 140 0.2810238
300 140 0.0737518
308 139 0.0478428
316 139 0.1255698
326 138 0.0478428
334 137 0.6437498
342 137 0.0996608
350 137 0.0996608
358 136 0.0996608
367 136 0.0737518
375 136 0.0737518
384 136 0.0737518
392 136 0.0737518
400 136 0.2032968
409 135 0.0737518
417 135 0.0478428
425 134 0.0737518
433 134 0.0737518
442 133 0.0737518
451 132 0.0737518
459 132 0.0737518
467 131 0.1514788
475 130 0.1773878
483 131 0.0219338
493 130 0.0737518
501 130 0.0996608
509 130 0.0737518
517 130 0.3328418
525 129 0.1255698
533 129 0.1255698
542 128 0.1255698
551 127 0.0478428
559 127 0.1514788
567 127 0.1255698
575 126 0.0219338
584 125 0.1773878
592 125 0.2292058
600 124 0.0737518
609 123 0.1255698
617 123 0.0996608
626 123 0.0996608
634 123 0.0737518
642 123 0.0996608
650 123 0.0478428
659 122 0.2032968
668 122 0.0737518
676 122 0.1514788
684 121 0.0996608
692 121 0.0219338
700 121 0.2032968
709 121 0.0478428
718 120 0.1255698
726 119 0.0996608
734 119 0.0737518
742 117 0.1255698
751 117 0.2810238
759 117 0.0996608
767 115 0.1255698
776 116 0.1514788
784 116 0.0737518
793 115 0.2032968
801 115 0.1255698
809 115 0.0737518
817 115 0.4105688
826 114 0.0219338
835 113 0.1255698
843 112 0.0996608
851 111 1.4469288
859 111 0.1255698
867 110 0.2032968
876 110 0.1514788
885 111 0.3069328
893 110 0.1255698
901 110 0.4105688
909 110 0.0478428
917 109 0.0996608
926 109 0.0737518
934 108 0.0737518
943 107 0.7732948
951 106 0.1255698
959 106 0.2032968
968 106 0.1514788
976 106 0.1514788
984 106 0.0996608
993 106 0.0996608
1001 106 0.1773878
1010 105 0.0737518
1018 104 0.6178408
1026 104 0.0478428
1034 104 0.1514788
1042 102 0.5401138
1052 101 0.9287488
1060 101 0.1514788
1068 101 0.2292058
1076 101 0.0737518
1084 101 0.0996608
1093 101 0.2292058
1101 100 0.1773878
1110 101 0.0737518
1118 100 0.3069328
1126 100 0.1255698
1135 99 0.0478428
1143 98 0.1773878
1151 96 0.1255698
1160 95 0.1255698
1168 95 0.3846598
1177 95 0.0737518
1185 95 0.0219338
1193 95 0.0737518
1201 95 0.2810238
1209 95 0.1255698
1219 94 0.2551148
1227 93 0.0996608
1235 93 0.2292058
1243 93 0.0996608
1251 92 0.2032968
1260 91 0.3846598
1268 89 0.2810238
1277 90 0.2551148
1285 90 0.0737518
1293 91 0.3069328
1301 91 0.2032968
1310 90 0.1255698
1318 90 0.5401138
1327 89 0.0478428
1335 88 0.0737518
1343 88 0.0737518
1352 87 0.0996608
1360 87 0.1773878
1368 85 0.5401138
1376 85 0.0996608
1385 85 0.0737518
1394 85 0.0478428
1402 85 0.2551148
1410 85 0.6955678
1418 84 0.2551148
1426 83 0.0996608
1435 83 0.1773878
1444 83 0.0478428
1452 82 0.1255698
1460 82 0.1514788
1468 82 0.0219338
1477 81 0.4105688
1485 80 0.3069328
1493 80 0.0737518
1502 80 0.0996608
1510 79 0.0737518
1519 78 0.2292058
1527 78 0.0737518
1535 78 0.0478428
1543 75 0.1773878
1552 74 1.0064758
1561 76 0.0737518
1569 76 0.0478428
1577 76 0.0996608
1585 76 0.0737518
1593 76 0.1514788
1602 76 0.1773878
1611 75 0.0478428
1619 75 0.4623868
1627 74 0.0219338
1635 74 0.4623868
1644 74 0.0996608
1652 72 0.1514788
1660 71 0.2810238
1669 71 0.1255698
1677 71 0.1514788
1685 71 0.0737518
1694 70 0.0219338
1702 70 0.0996608
1710 69 0.1773878
1719 68 0.0737518
1727 67 0.1255698
1736 68 0.1773878
1744 68 0.0996608
1752 67 0.0478428
1760 67 0.0996608
1768 67 0.0478428
1778 66 0.0478428
1786 66 0.0996608
1794 64 0.1255698
1802 65 0.0996608
1810 64 0.0219338
1819 64 0.1773878
1827 64 0.0996608
1836 63 0.0996608
1844 63 0.3328418
1852 62 0.0996608
1861 61 0.1255698
1869 61 0.0996608
1877 60 0.7214768
1886 60 0.0478428
1894 59 0.1773878
1903 59 0.0737518
1911 59 0.0737518
1919 59 0.2032968
1927 59 0.0996608
1935 59 0.0996608
1945 58 0.0996608
1953 57 0.0737518
1961 56 0.0996608
1969 55 0.6955678
1977 55 0.0737518
1986 55 0.0737518
1994 55 0.0478428
2003 55 0.2292058
2011 55 0.0737518
2019 54 0.1255698
2028 53 0.0478428
2036 53 0.3328418
2044 52 0.1255698
2053 51 0.0996608
2061 51 0.0737518
2069 51 0.0737518
2078 51 0.2032968
2086 51 0.0996608
2094 51 0.1255698
2102 50 0.1255698
2111 50 0.1773878
2120 50 0.4623868
2128 49 0.0478428
2136 46 0.2292058
2144 46 0.7732948
2152 45 0.6437498
2161 45 0.0478428
2170 45 0.1773878
2178 45 0.0996608
2186 45 0.1514788
2194 46 0.0737518
2203 45 0.1514788
2211 45 0.1514788
2220 44 0.2032968
2228 44 0.0737518
2236 43 0.2551148
2245 42 0.2551148
2253 42 0.0996608
2261 42 0.0996608
2269 42 0.0996608
2278 41 0.0996608
2287 41 0.0478428
2295 41 0.0478428
2303 40 0.0996608
2311 39 0.2551148
2319 38 0.1514788
2328 36 0.8769308
2337 36 0.0737518
2345 36 0.0219338
2353 36 0.0737518
2361 36 0.1773878
2370 37 0.0996608
2378 36 0.4105688
2386 36 0.0996608
2395 35 0.1773878
2403 34 0.6955678
2412 34 0.0996608
2420 33 0.0737518
2428 33 0.1773878
2436 32 0.3069328
2445 32 0.0478428
2453 32 0.0737518
2462 32 0.4882958
2470 31 0.0996608
2478 31 0.0478428
2486 31 0.0478428
2494 28 1.0064758
2504 28 0.0478428
2512 28 0.1773878
2520 27 0.0478428
2528 27 0.0478428
2536 27 0.0737518
2545 28 0.1773878
2553 28 0.0996608
2562 27 0.4364778
2570 27 0.0737518
2578 25 0.1255698
2587 25 0.4105688
2595 25 0.0996608
2603 24 0.3587508
2612 24 0.0737518
2620 24 0.1514788
2629 24 0.0996608
2637 23 0.0737518
2645 23 0.0737518
2653 23 0.0219338
2661 21 0.0996608
2671 20 0.4105688
2679 20 0.1255698
2687 20 0.0219338
2695 20 0.0996608
2703 20 0.0737518
2712 19 0.0478428
2720 19 0.4882958
2729 18 0.2810238
2737 17 0.1255698
2745 15 0.2032968
2754 16 0.4882958
2762 16 0.1255698
2770 16 0.0737518
2779 15 0.1255698
2787 16 0.0219338
2796 16 0.0737518
2804 15 0.0996608
2812 15 0.1514788
2820 14 0.3328418
2828 13 0.1255698
2837 13 0.1255698
2846 12 0.0478428
2854 12 0.0996608
2862 12 0.1514788
2870 12 0.0737518
2878 11 0.3069328
2887 10 0.1773878
2896 10 0.2032968
2904 9 0.0478428
2912 8 0.4105688
2920 8 0.0996608
2929 8 0.0737518
2937 8 0.1514788
2946 8 0.1773878
2954 8 0.0996608
2962 7 0.0737518
2971 6 0.0478428
2979 6 0.3069328
2987 5 0.1255698
2995 5 0.0478428
3004 4 0.3587508
3013 3 0.2292058
3021 3 0.0737518
3029 2 0.0996608
3037 2 0.2292058
3045 2 0.0478428
3054 2 0.0737518
3063 2 0.2292058
3071 1 0.0737518
3079 0 0.1514788
3087 0 0.0737518
3096 0 0.2292058
