0 153 0.5660228
9 152 0.4882958
17 151 0.2551148
26 152 0.3846598
34 153 0.0737518
42 152 0.0219338
50 152 0.0737518
58 152 0.0478428
68 152 0.0219338
76 151 0.0737518
84 150 0.0478428
92 150 0.0737518
100 150 0.0996608
109 149 0.0478428
117 149 0.0737518
126 148 0.0737518
134 148 0.0737518
142 147 0.1514788
151 147 0.0996608
159 146 0.1773878
167 145 0.7732948
176 145 0.3587508
184 145 0.0996608
193 145 0.0737518
201 145 0.0219338
209 144 0.0737518
217 144 0.0737518
225 143 0.0996608
234 142 0.0478428
243 142 0.0996608
251 142 0.0478428
259 141 0.0996608
267 141 0.0478428
275 140 0.2032968
284 140 0.6178408
293 140 0.0478428
301 138 0.0737518
309 138 0.0737518
317 138 0.2032968
326 137 0.2551148
334 137 0.1773878
343 137 0.0996608
351 137 0.0219338
359 136 0.1255698
368 136 0.0478428
376 136 0.0737518
384 135 0.4105688
392 135 0.0219338
401 135 0.0737518
410 135 0.1514788
418 134 0.0219338
426 133 0.3069328
434 133 0.1255698
442 132 0.1773878
451 132 0.0478428
460 130 0.5660228
468 130 0.0478428
476 130 0.0737518
484 130 0.0737518
493 130 0.0219338
501 129 0.0737518
510 129 0.0478428
518 129 0.0219338
526 128 0.0478428
535 128 0.0737518
543 127 0.0996608
551 127 0.0737518
559 127 0.0478428
568 125 0.1773878
577 125 0.6955678
585 125 0.1255698
593 123 0.1255698
601 122 0.3069328
609 123 0.0737518
617 121 0.2292058
627 122 0.0478428
635 122 0.0737518
643 121 0.0996608
651 121 0.0478428
659 121 0.0737518
668 121 0.0996608
677 121 0.0219338
685 121 0.0737518
693 120 0.0478428
701 120 0.0478428
710 119 0.2032968
718 119 0.0737518
726 118 0.0996608
735 117 0.1255698
743 116 0.1255698
752 116 0.0478428
760 114 0.3069328
768 115 0.3846598
776 115 0.1514788
784 115 0.1773878
794 115 0.0219338
802 114 0.0737518
810 114 -0.1335202
818 114 0.0737518
826 113 0.0478428
835 112 0.0996608
844 112 0.4364778
852 111 0.0737518
860 109 0.3328418
868 109 0.3328418
877 110 0.2032968
885 110 0.0996608
893 110 0.0478428
902 110 0.0478428
910 109 0.1514788
919 109 0.0478428
927 108 0.0478428
935 107 0.0996608
943 106 0.2810238
951 107 0.0737518
961 106 0.2551148
969 105 0.3069328
977 103 0.6696588
985 104 0.1773878
993 104 0.0478428
1001 104 0.0996608
1011 104 0.0478428
1019 104 0.0996608
1027 104 0.0478428
1035 104 0.0737518
1043 102 0.0996608
1052 102 0.1514788
1060 100 0.5919318
1069 102 -0.0817022
1077 100 0.0996608
1085 100 0.0737518
1094 100 0.0478428
1102 99 0.1514788
1110 98 0.0737518
1118 98 0.3069328
1127 97 0.0737518
1136 97 0.0996608
1144 96 0.4882958
1152 96 0.0478428
1160 95 0.6955678
1168 95 0.1255698
1178 95 0.0737518
1186 95 0.0219338
1194 95 0.0737518
1202 93 0.0996608
1210 93 0.0737518
1219 93 0.1514788
1227 93 0.0996608
1236 93 0.0478428
1244 91 0.0996608
1252 91 0.0737518
1261 91 0.6437498
1269 90 0.0737518
1277 90 0.0737518
1285 90 0.0478428
1294 89 0.1514788
1303 89 0.0996608
1311 89 0.0737518
1319 89 0.0737518
1327 89 0.0996608
1335 88 0.0737518
1343 87 0.3846598
1353 86 0.0737518
1361 84 0.4105688
1369 84 0.0737518
1377 84 0.8251128
1385 84 0.4364778
1394 84 0.0219338
1403 84 0.0478428
1411 84 0.0737518
1419 84 0.0737518
1427 84 0.0996608
1436 83 0.1255698
1444 83 0.0737518
1452 83 0.0219338
1461 82 0.0996608
1469 81 0.1255698
1478 79 0.2551148
1486 79 0.6178408
1494 79 0.7214768
1502 78 0.3069328
1510 78 0.0737518
1520 77 0.3587508
1528 77 0.0737518
1536 76 0.5919318
1544 76 0.4623868
1552 76 0.0478428
1561 76 0.0219338
1570 76 0.0737518
1578 76 0.0219338
1586 75 0.0737518
1594 75 0.2032968
1603 74 0.0996608
1611 74 0.0478428
1619 74 0.0478428
1628 74 0.0996608
1636 72 0.2032968
1645 71 1.0064758
1653 71 0.0478428
1661 71 0.0996608
1669 71 0.0737518
1677 71 0.0737518
1687 70 0.1255698
1695 69 0.0996608
1703 69 0.0996608
1711 69 0.0478428
1719 68 0.2551148
1727 68 0.2810238
1737 67 0.2032968
1745 66 0.1255698
1753 66 0.0478428
1761 66 0.1514788
1769 66 0.1514788
1778 65 -0.0039752
1786 65 0.0478428
1795 65 0.0996608
1803 65 0.0737518
1811 64 0.0478428
1820 64 0.0737518
1828 64 0.0478428
1836 63 0.1514788
1844 62 0.0737518
1853 61 0.0737518
1862 59 0.5401138
1870 60 0.0219338
1878 60 0.1773878
1886 59 0.1514788
1894 59 0.0737518
1904 59 0.0478428
1912 59 0.0478428
1920 59 0.0478428
1928 58 0.0737518
1936 58 0.0737518
1945 56 0.3846598
1953 56 0.0478428
1962 55 0.4105688
1970 55 0.0737518
1978 55 0.1255698
1987 54 0.6437498
1995 54 0.3069328
2003 53 0.3846598
2011 53 0.0737518
2020 53 0.0219338
2029 53 0.1514788
2037 52 0.0996608
2045 52 0.0737518
2053 52 0.0478428
2061 51 0.1255698
2071 51 0.0996608
2079 51 0.1255698
2087 50 0.0996608
2095 49 0.0478428
2103 49 0.2551148
2111 48 0.0737518
2120 47 0.6437498
2129 47 0.0996608
2137 47 0.2032968
2145 46 0.0996608
2153 46 0.0737518
2162 46 0.0478428
2170 46 0.0996608
2178 45 0.3587508
2187 45 0.4882958
2195 44 0.0478428
2204 43 0.0996608
2212 43 0.0478428
2220 42 0.1773878
2228 42 0.0478428
2236 42 0.0478428
2246 42 0.0219338
2254 42 0.0478428
2262 41 0.1514788
2270 41 0.0478428
2278 40 0.0737518
2287 40 0.0478428
2296 39 0.0478428
2304 38 0.9805668
2312 38 0.0737518
2320 36 0.4882958
2329 36 0.0737518
2337 35 0.3587508
2345 36 0.0737518
2354 36 0.0996608
2362 36 0.0737518
2371 36 0.0737518
2379 35 0.0478428
2387 34 0.0737518
2395 34 0.0478428
2403 34 0.0219338
2413 34 0.0737518
2421 33 0.0737518
2429 32 0.0737518
2437 31 0.1255698
2445 31 0.2292058
2453 31 0.0737518
2463 31 0.3069328
2471 29 0.1514788
2479 29 0.0737518
2487 29 0.4364778
2495 29 0.1773878
2504 29 0.0478428
2512 29 0.0996608
2521 29 0.0478428
2529 28 0.0478428
2537 29 0.0478428
2546 27 0.0478428
2554 27 0.1773878
2562 26 0.3328418
2570 25 -0.5739732
2579 25 0.1255698
2588 25 0.1255698
2596 24 0.0737518
2604 24 0.1514788
2612 24 0.0478428
2620 23 0.0219338
2630 23 0.0996608
2638 23 0.0996608
2646 22 0.0478428
2654 21 0.0219338
2662 21 0.3846598
2671 20 0.0737518
2679 20 0.1255698
2688 19 0.3069328
2696 19 0.1255698
2704 17 0.2032968
2713 18 0.0478428
2721 17 0.4623868
2729 17 0.2292058
2737 17 0.0737518
2746 17 0.0478428
2755 16 0.0737518
2763 16 0.0478428
2771 16 0.0478428
2779 15 0.0737518
2787 15 0.0996608
2797 14 0.0996608
2805 14 0.3587508
2813 13 0.0737518
2821 12 0.0478428
2829 12 0.0996608
2837 12 0.0996608
2846 12 0.0737518
2855 12 0.0737518
2863 12 0.0478428
2871 11 0.0996608
2879 10 0.2551148
2888 10 0.5142048
2896 9 0.0996608
2904 9 0.0996608
2913 8 0.0737518
2921 8 0.0478428
2930 8 0.0478428
2938 7 0.0478428
2946 7 0.0737518
2954 6 0.1255698
2963 6 0.1255698
2972 6 0.1255698
2980 5 0.0478428
2988 5 0.1255698
2996 4 0.0737518
3004 4 0.0996608
3013 3 0.1514788
3022 2 0.0737518
3030 2 0.0478428
3038 2 0.2810238
3046 2 0.1255698
3055 1 0.0478428
3063 0 0.2292058
3071 0 0.0737518
3080 0 0.0737518
3088 0 0.0478428
