0 152 0.1773878
2 152 0.5401138
4 152 0.4364778
7 152 0.2032968
9 152 0.2032968
11 153 0.3328418
13 153 0.3328418
16 152 0.4882958
18 152 0.2032968
20 152 0.3587508
23 153 0.3069328
25 151 0.1255698
27 153 0.2810238
29 152 0.3846598
32 153 0.1255698
34 152 0.1255698
37 153 0.1773878
40 153 0.1773878
42 151 1.0582938
44 150 1.6282918
47 151 1.7837458
49 151 0.9546578
51 151 1.1101118
53 151 0.9028398
56 150 0.4364778
58 151 0.1255698
60 151 0.0478428
63 149 1.1878388
65 149 1.7319278
67 149 0.3587508
70 149 0.5401138
72 149 0.4105688
74 148 0.2810238
76 149 0.1255698
80 148 0.1773878
82 147 1.2137478
84 146 1.3951108
87 146 0.2292058
89 146 0.0478428
91 145 0.0478428
93 145 0.0478428
96 145 0.0478428
98 145 0.0219338
100 144 0.0737518
103 142 1.0842028
105 142 1.2137478
107 142 0.0737518
109 142 0.0478428
112 141 0.0996608
114 141 0.0737518
116 140 0.0478428
119 140 0.0737518
122 138 0.7473858
124 137 1.0582938
126 138 0.0478428
129 137 0.0478428
131 136 0.3587508
133 135 0.8510218
136 133 0.3069328
138 135 1.1101118
140 134 1.7578368
143 133 0.6955678
145 133 0.6437498
147 132 0.1255698
149 132 0.4105688
152 130 0.8251128
154 129 0.5142048
156 128 1.2914748
159 130 2.4314708
161 129 1.8355638
164 127 0.9287488
166 128 0.3587508
169 128 0.3587508
171 128 0.0219338
173 128 0.0478428
176 128 0.0478428
178 127 0.0478428
180 127 0.0478428
182 127 0.6955678
185 125 0.1255698
187 126 0.2810238
189 125 0.4882958
192 125 0.0478428
194 125 0.0478428
196 125 0.2032968
198 124 0.4882958
201 123 0.3587508
203 122 0.2032968
205 121 0.5401138
209 121 1.1619298
211 121 0.0996608
213 120 0.2810238
216 121 0.3069328
218 121 0.3587508
220 121 0.3846598
222 120 0.0478428
225 120 0.0478428
227 118 1.3173838
229 118 0.9028398
232 119 0.0996608
234 118 0.0478428
236 118 0.0737518
238 118 0.0478428
241 117 0.0478428
243 117 0.2551148
245 116 1.0064758
249 115 1.2137478
251 115 0.0478428
253 115 0.1514788
255 114 0.1773878
258 114 0.0478428
260 113 0.0737518
262 113 0.4882958
265 113 0.3587508
267 111 1.5505648
269 110 1.4987468
271 111 0.0737518
274 110 0.0478428
276 109 0.2551148
278 110 0.5401138
281 109 1.1878388
283 109 0.3587508
285 108 0.3846598
288 107 0.7732948
290 107 0.1773878
293 107 0.4623868
295 105 0.4623868
298 106 1.2655658
300 106 0.2292058
302 105 0.0737518
305 104 -0.5739732
307 103 0.9546578
309 103 1.0842028
311 104 0.5401138
314 104 0.1255698
316 104 0.0219338
318 103 0.0996608
321 103 0.0737518
323 102 0.0737518
325 100 1.0582938
327 100 1.0064758
330 100 0.3587508
332 100 0.0737518
335 100 0.1514788
338 100 0.1255698
340 100 -0.1853382
342 99 0.0478428
344 98 0.2810238
347 97 1.2655658
349 97 1.1619298
351 98 0.0737518
354 97 0.0219338
356 96 0.0737518
358 95 0.0219338
361 94 0.7992038
363 93 0.9287488
365 93 0.9287488
367 93 0.9028398
370 92 0.1255698
372 92 0.2292058
374 92 0.4105688
378 91 0.9805668
380 89 0.7992038
382 89 0.6696588
384 91 0.0478428
387 89 0.8251128
389 89 1.1101118
391 89 0.0737518
394 89 0.1514788
396 89 0.2810238
398 88 0.2292058
400 88 0.0478428
403 88 0.0996608
405 87 1.0582938
407 86 1.2655658
410 86 0.0478428
412 86 0.0737518
414 85 0.5142048
417 84 0.4623868
420 83 0.7732948
422 82 1.2137478
424 84 0.0996608
427 83 0.9805668
429 82 1.2137478
431 83 0.0996608
434 82 0.0996608
436 82 0.0478428
438 82 0.0478428
440 82 0.0737518
443 81 0.0219338
445 80 1.0842028
447 79 1.0842028
450 80 0.1255698
452 79 0.2032968
454 79 0.3587508
456 78 0.0996608
459 78 0.3328418
461 78 0.7473858
464 77 0.4364778
467 74 1.6801098
469 74 1.3432928
471 74 0.9546578
473 73 0.4623868
476 74 0.3328418
478 74 0.5401138
480 74 0.0737518
483 74 0.1255698
485 72 1.4210198
487 72 1.9651088
490 72 0.4105688
492 72 0.2551148
494 72 0.0219338
496 71 0.0737518
499 71 0.3328418
501 71 0.8769308
503 70 0.6178408
507 69 1.0842028
509 69 0.3846598
511 69 0.0737518
513 69 0.0737518
516 68 0.0219338
518 68 0.0737518
520 67 0.5142048
523 66 0.7473858
525 65 0.9546578
527 64 0.7992038
530 65 1.6023828
532 64 1.5764738
534 63 0.2032968
536 64 0.3846598
539 63 0.0737518
541 63 0.0219338
543 63 0.4882958
546 61 0.8769308
549 61 0.0737518
551 61 0.0737518
553 60 0.0737518
556 59 0.3328418
558 60 0.7732948
560 59 0.6437498
563 58 0.4882958
565 58 0.7214768
567 58 1.1619298
569 58 0.0478428
572 58 0.0478428
574 57 0.0478428
576 56 0.0478428
579 54 0.9805668
581 53 0.7992038
583 54 0.5919318
585 53 1.3951108
588 53 0.0737518
591 52 0.1514788
593 52 0.3587508
596 52 1.1878388
598 52 0.8510218
600 50 0.3587508
603 51 0.9028398
605 50 0.6437498
607 50 1.1360208
609 51 0.0737518
612 50 0.0478428
614 50 0.0996608
616 49 0.0478428
619 49 -0.0039752
621 48 0.0737518
623 47 0.5142048
625 46 0.7214768
628 46 0.0737518
630 45 0.2032968
633 46 0.2032968
636 45 0.4105688
638 45 0.3846598
640 43 0.4105688
642 43 0.7473858
645 43 0.9287488
647 42 1.1101118
649 42 0.1255698
652 42 0.1514788
654 42 0.3846598
656 42 0.2032968
658 42 0.0478428
661 42 0.0478428
663 40 1.1619298
665 40 0.8510218
668 41 0.1514788
670 40 0.0737518
672 40 0.0478428
676 40 0.0737518
678 40 0.0478428
680 39 0.0996608
682 38 0.0737518
685 36 1.3951108
687 36 0.9546578
689 36 0.0737518
692 36 0.0478428
694 35 0.6955678
696 33 0.3069328
698 34 1.1360208
701 34 1.4210198
703 33 0.7992038
705 32 0.6955678
708 33 0.0737518
710 32 0.0737518
712 33 0.1514788
714 31 0.1773878
717 31 0.5660228
720 31 0.7992038
722 29 -0.7035182
725 28 1.3173838
727 28 1.3692018
729 28 0.5401138
731 27 0.2551148
734 28 0.3846598
736 27 1.0842028
738 27 0.4882958
741 25 0.1773878
743 25 0.5142048
745 24 1.2396568
748 25 0.1773878
750 25 0.2032968
752 24 0.0478428
754 24 0.0219338
757 24 0.0478428
759 23 0.0478428
762 24 -0.3148832
765 23 0.9805668
767 23 0.9546578
769 23 0.0737518
771 23 0.0737518
774 22 0.1255698
776 21 0.0996608
778 21 0.0996608
781 20 0.2551148
783 20 0.8769308
785 20 0.4105688
787 19 0.6696588
790 18 0.8251128
792 19 0.1255698
794 18 0.0478428
797 18 0.0996608
799 17 0.4623868
801 16 0.3328418
804 14 0.5919318
807 16 1.0842028
809 14 1.2655658
811 15 1.0582938
814 15 0.0737518
816 15 0.0219338
818 14 0.0478428
821 14 0.0478428
823 13 0.3328418
825 12 0.1255698
827 12 0.6437498
830 11 1.3173838
832 12 0.0478428
834 12 0.0219338
837 12 0.0478428
839 11 0.0996608
841 10 0.0996608
843 8 0.1255698
847 9 -0.3407922
849 8 0.9287488
851 7 1.0323848
854 8 0.0478428
856 8 0.0737518
858 7 0.0478428
860 7 0.0737518
863 6 0.1514788
865 6 0.4364778
867 4 1.0064758
870 4 0.8251128
872 5 0.0737518
874 5 0.0478428
877 4 0.0737518
879 3 0.0478428
881 2 0.3328418
883 2 1.2396568
886 2 -0.3148832
889 0 0.1773878
891 0 0.2032968
894 -1 1.1101118
