0 -1 0.0478428
3 -1 0.0996608
6 -1 0.0478428
8 -1 0.1773878
10 -1 0.0737518
13 -3 2.1464718
15 -4 2.8719238
17 -4 2.8719238
20 -3 2.5610158
22 -4 2.8201058
24 -3 2.7164698
27 -3 2.6387428
29 -3 2.5351068
31 -3 2.5610158
34 -1 1.4987468
36 -2 1.8355638
38 -2 2.2241988
41 -1 1.4210198
43 -1 1.8614728
46 0 1.2655658
49 0 1.9391998
51 0 1.3692018
53 0 1.9651088
56 0 1.6023828
58 0 1.2137478
60 0 1.9651088
63 1 1.6801098
65 2 1.4469288
67 3 1.2914748
70 3 1.2137478
72 4 1.1619298
74 4 1.2655658
77 4 1.3692018
79 5 1.4210198
81 6 1.0064758
84 6 1.2655658
86 7 0.9546578
89 7 1.2137478
92 8 1.0842028
94 8 0.8769308
96 9 0.7473858
99 9 1.0323848
101 10 1.0842028
103 11 1.0064758
106 11 0.9805668
108 12 0.9287488
110 12 0.8510218
113 13 0.7473858
115 14 0.6955678
117 14 0.9805668
120 14 1.0582938
122 15 1.0582938
125 16 0.9805668
127 17 0.9546578
129 18 0.9028398
133 19 0.8510218
135 19 0.8510218
137 20 0.7732948
140 21 0.7732948
142 21 0.7214768
144 22 0.7473858
147 23 0.7214768
149 23 0.7214768
151 24 0.7214768
154 24 0.8251128
156 25 0.7732948
158 25 0.8510218
161 26 0.6178408
163 27 0.6178408
165 28 0.7473858
168 28 0.7992038
170 30 0.4882958
172 31 0.6696588
176 31 0.6955678
178 31 0.7992038
180 32 0.5660228
183 33 0.6437498
185 34 0.7732948
187 35 0.5142048
190 35 0.6955678
192 36 0.7732948
194 37 0.5401138
197 38 0.5919318
199 39 0.7473858
201 40 0.7732948
204 40 0.3587508
206 41 0.6696588
208 42 0.6437498
211 42 0.7732948
213 42 0.5401138
215 43 0.6178408
219 44 0.7473858
221 44 0.5401138
223 46 0.5660228
226 46 0.7473858
228 47 0.5919318
230 48 0.4882958
233 49 0.7473858
235 50 0.7732948
237 51 0.6178408
240 51 0.6955678
242 51 0.4364778
244 53 0.6178408
247 53 0.6955678
249 54 0.5142048
251 55 0.4623868
254 56 0.7473858
256 57 0.5142048
259 58 0.6437498
262 59 0.7473858
264 59 0.5142048
266 59 0.5660228
269 60 0.7214768
271 61 0.5401138
273 62 0.6178408
276 63 0.7473858
278 63 0.7992038
280 64 0.5401138
283 65 0.7214768
285 65 0.7473858
287 67 0.4623868
290 68 0.6696588
292 68 0.7473858
295 69 0.4105688
297 70 0.6696588
299 71 0.6437498
303 71 0.5660228
305 72 0.7214768
307 73 0.5142048
310 74 0.6437498
312 74 0.6955678
314 75 0.5919318
317 75 0.6178408
319 76 0.4623868
321 78 0.5919318
324 78 0.7473858
326 79 0.4882958
328 80 0.6955678
331 81 0.7214768
333 82 0.5919318
335 82 0.6696588
338 83 0.7732948
340 83 0.4882958
342 84 0.6696588
346 85 0.7214768
348 86 0.4105688
350 88 0.6437498
353 88 0.6437498
355 88 0.4623868
357 89 0.6178408
360 90 0.6955678
362 90 0.4882958
364 92 0.6178408
367 93 0.6696588
369 93 0.4364778
371 94 0.6178408
374 95 0.6955678
376 95 0.4882958
378 96 0.6696588
381 98 0.7214768
383 98 0.5142048
385 99 0.6696588
389 100 0.7214768
391 100 0.5142048
393 101 0.6696588
396 102 0.7732948
398 103 0.5401138
400 104 0.6696588
403 104 0.7992038
405 104 0.7732948
407 106 0.6437498
410 106 0.6955678
412 107 0.7992038
414 108 0.5919318
417 109 0.6696588
419 109 0.7214768
421 110 0.6178408
424 111 0.6955678
426 112 0.6955678
428 113 0.5919318
432 114 0.6955678
434 114 0.4882958
436 115 0.6178408
439 116 0.7473858
441 117 0.5142048
444 117 0.6437498
446 118 0.6437498
448 119 0.5919318
451 119 0.6955678
453 120 0.4882958
455 121 0.5919318
458 121 0.7214768
460 121 0.5919318
462 122 0.6178408
465 123 0.6955678
467 124 0.6437498
469 125 0.7732948
473 125 0.4364778
475 126 0.6178408
477 127 0.6955678
480 127 0.7992038
482 128 0.5660228
484 128 0.6955678
487 129 0.7992038
489 130 0.5142048
491 130 0.6178408
494 131 0.7473858
496 132 0.4364778
498 133 0.5401138
501 133 0.6696588
503 134 0.6437498
505 135 0.4882958
508 135 0.6955678
510 136 0.5919318
512 137 0.5919318
516 137 0.7214768
518 138 0.3846598
520 140 0.3846598
523 140 0.4105688
525 141 0.0737518
527 142 0.0478428
530 142 0.0996608
532 143 0.0737518
534 143 0.0996608
537 144 0.0737518
539 145 0.0996608
541 145 0.0737518
544 145 0.0737518
546 146 0.0996608
548 147 0.0996608
551 147 0.0219338
553 148 0.0478428
555 148 0.2810238
559 149 0.2810238
561 149 0.7992038
563 150 0.5919318
566 150 1.1619298
568 150 0.4623868
570 151 0.6437498
573 151 0.5660228
575 151 1.0323848
577 152 1.2396568
580 151 0.9287488
582 153 1.9651088
585 151 1.1360208
587 152 1.1101118
589 152 0.3328418
592 153 0.5660228
594 153 0.0996608
596 153 0.1255698
599 153 0.0996608
602 153 0.0737518
604 153 0.0478428
