0 153 0.0737518
2 153 0.0478428
5 153 0.0219338
7 153 0.0478428
10 153 0.0478428
12 153 0.0737518
14 153 0.0996608
17 153 0.0478428
19 153 0.0737518
21 153 0.0737518
23 153 0.0478428
26 152 0.1514788
28 153 0.1255698
30 152 0.0737518
33 153 1.4210198
35 152 1.7578368
37 151 1.2655658
39 151 1.0323848
42 151 0.4105688
44 152 0.4623868
47 152 0.7732948
50 152 0.5142048
52 151 0.6178408
54 150 2.4573798
57 150 1.6801098
59 150 1.2137478
61 151 1.2396568
63 150 0.1773878
66 150 0.1514788
68 150 0.0996608
70 150 0.1255698
73 148 1.7837458
75 147 1.8096548
77 148 0.4882958
79 148 0.4364778
82 147 0.2551148
84 147 0.0737518
86 146 0.0219338
90 145 0.0737518
92 145 0.2810238
94 143 1.0582938
96 144 1.1878388
99 144 0.0737518
101 144 0.0996608
103 143 0.2810238
106 143 0.2292058
108 142 0.0478428
110 142 0.0737518
113 140 1.0842028
115 140 1.3432928
117 141 0.0478428
119 140 0.0737518
122 139 0.0996608
124 139 0.0737518
126 138 0.3328418
129 137 0.3069328
132 137 0.1255698
134 135 1.5764738
136 136 2.0428358
139 135 1.3173838
141 134 1.2655658
143 134 0.2810238
146 134 0.6696588
148 134 0.2810238
150 134 0.3587508
152 132 0.1255698
155 132 0.2032968
157 132 1.1878388
159 131 1.9132908
162 132 0.2551148
164 132 0.0737518
166 131 0.0478428
168 131 0.0478428
171 131 0.0478428
173 131 0.0737518
176 130 0.3328418
179 129 1.2655658
181 129 1.1878388
183 129 0.1773878
186 129 0.1773878
188 129 0.0478428
190 128 0.0737518
192 128 0.0737518
195 127 0.0737518
197 126 1.3951108
199 126 1.5246558
202 126 0.3587508
204 126 0.1514788
206 125 0.0996608
208 125 0.0737518
211 125 0.0478428
213 123 0.0996608
215 122 0.4882958
219 121 1.3692018
221 120 0.9546578
223 120 0.3069328
225 121 0.6696588
228 120 0.2810238
230 120 0.0478428
232 119 0.0737518
235 119 0.0478428
237 117 1.1619298
239 117 1.8096548
241 118 0.0737518
244 118 0.0478428
246 117 0.0478428
248 117 0.0478428
251 116 0.0737518
253 116 -0.0039752
255 115 0.6437498
258 114 1.3692018
261 113 1.0064758
263 115 0.0478428
265 114 0.0737518
268 114 0.0478428
270 113 0.0996608
272 113 0.0737518
275 112 0.0478428
277 110 1.3173838
279 110 1.1101118
281 110 0.8251128
284 110 0.8251128
286 109 0.5401138
288 108 0.3328418
291 108 0.3587508
293 108 0.4882958
295 106 0.4364778
297 105 1.5505648
300 106 1.4210198
303 106 0.1255698
305 104 0.2551148
308 104 0.5401138
310 104 0.8251128
312 102 1.4987468
314 103 2.4832888
317 103 1.4728378
319 102 1.7319278
321 102 1.2914748
324 102 1.0323848
326 103 0.0478428
328 102 0.0996608
331 102 0.0219338
333 101 0.0478428
335 100 0.9805668
337 99 1.9910178
340 101 1.0582938
342 100 0.0996608
344 100 0.0737518
348 100 0.1773878
350 100 0.3069328
352 100 0.2292058
354 99 0.1514788
357 97 1.3951108
359 97 1.2655658
361 98 0.0737518
364 97 0.0737518
366 96 0.0737518
368 95 0.0737518
370 95 0.5142048
373 94 1.1619298
375 93 0.9805668
377 91 1.7837458
380 95 0.0996608
382 92 0.3328418
384 92 0.0996608
388 91 0.2032968
390 90 0.2551148
392 90 0.6955678
394 90 0.4623868
397 90 1.3951108
399 88 1.7319278
401 89 0.1255698
404 89 0.0996608
406 89 0.0996608
408 89 0.0737518
410 88 0.0478428
413 88 0.0478428
415 86 1.4728378
417 85 1.4728378
420 86 0.0996608
422 86 0.0737518
424 85 0.0737518
426 85 0.0478428
429 84 0.0478428
432 83 0.4882958
434 83 0.3328418
437 82 1.8614728
439 81 1.7578368
441 82 0.3069328
443 82 0.4364778
446 82 0.0996608
448 82 0.0737518
450 81 0.0737518
453 80 0.0737518
455 78 1.3951108
457 78 1.0842028
460 79 0.0737518
462 78 0.0478428
464 78 0.0478428
466 78 0.0478428
469 77 0.0737518
471 75 0.0478428
474 75 0.0996608
477 74 1.4987468
479 73 1.0842028
481 74 0.6437498
483 74 0.1773878
486 73 0.0478428
488 72 0.0737518
490 72 0.2551148
493 71 0.3328418
495 71 0.7732948
497 70 1.1619298
499 70 0.0219338
502 70 0.0478428
504 69 0.4364778
506 68 0.1773878
509 67 0.2810238
511 68 0.7732948
513 68 -0.7553362
516 66 0.8251128
519 65 1.0582938
521 66 0.1514788
523 65 0.3328418
526 64 1.5505648
528 63 0.5919318
530 63 0.4623868
533 64 1.0064758
535 63 1.0064758
537 64 1.4728378
539 63 0.4623868
542 63 0.2551148
544 63 0.3587508
546 63 0.4882958
549 63 0.0478428
551 63 0.0737518
553 63 0.6437498
555 61 1.8873818
559 61 1.5246558
561 61 0.2810238
563 61 0.2551148
566 61 0.0737518
568 60 0.0478428
570 60 0.0478428
572 60 0.0478428
575 58 1.7319278
577 58 1.7060188
579 59 0.3328418
582 59 0.2810238
584 58 0.4623868
586 57 0.4364778
589 56 0.0478428
591 56 0.0737518
593 55 0.5919318
595 54 1.1878388
598 53 1.2396568
600 53 0.1255698
603 53 0.0478428
606 51 0.2032968
608 51 0.3587508
610 51 1.7319278
612 49 0.9805668
615 49 1.7060188
617 49 1.5764738
619 50 0.0478428
622 49 0.0478428
624 48 0.0478428
626 48 0.0737518
628 46 0.2292058
631 46 0.5401138
633 46 0.4105688
635 46 1.3951108
638 44 0.3069328
640 45 0.0737518
642 44 0.0737518
645 44 0.6437498
648 44 0.5142048
650 44 0.0737518
652 43 0.1514788
655 42 1.2396568
657 42 1.6023828
659 42 0.0219338
662 42 0.0737518
664 42 0.0996608
666 42 0.0996608
668 42 0.1255698
671 41 0.0737518
673 40 1.2914748
675 39 1.6542008
678 40 0.6696588
680 40 0.1514788
682 40 0.1255698
684 39 0.1255698
688 39 0.0996608
690 38 0.0219338
692 37 0.0737518
695 37 0.1255698
697 36 0.1773878
699 34 1.2396568
701 33 1.3173838
704 34 0.2810238
706 34 0.7992038
708 34 0.6696588
711 33 0.2551148
713 33 0.0219338
715 32 0.0219338
718 31 1.1101118
720 31 1.3432928
722 30 0.3069328
724 31 0.0478428
727 31 0.0996608
730 31 0.0737518
732 30 0.0737518
735 29 0.0737518
737 29 0.0996608
739 28 1.2655658
741 27 1.3951108
744 28 0.0219338
746 28 0.0478428
748 27 0.0996608
751 27 0.0737518
753 26 0.0478428
755 25 0.0478428
757 24 0.7992038
760 24 1.1619298
762 25 0.2810238
764 24 0.0478428
767 24 0.0478428
769 23 0.0478428
772 23 0.0737518
774 23 0.0478428
777 21 0.0478428
779 20 1.3432928
781 20 0.9287488
784 20 0.5919318
786 19 1.0064758
788 18 0.2551148
791 18 0.3846598
793 17 0.3328418
795 17 0.8251128
797 16 0.7214768
800 15 1.1619298
802 16 0.1255698
804 16 0.6437498
807 15 0.3587508
809 15 0.3328418
811 15 0.2032968
813 15 0.0996608
817 15 0.0737518
819 13 1.5505648
821 13 1.2655658
824 14 0.3846598
826 14 0.1514788
828 14 0.0996608
830 13 0.0737518
833 13 0.0996608
835 13 0.0996608
837 12 1.2137478
840 11 1.8614728
842 11 1.0323848
844 11 0.6437498
847 12 0.6696588
849 11 0.3846598
851 10 0.3328418
853 10 0.0996608
856 9 0.1255698
859 8 1.7319278
861 7 1.4469288
864 8 0.0996608
866 8 0.0737518
868 7 0.0996608
870 7 0.0478428
873 6 0.0737518
875 6 0.0737518
877 5 0.9546578
880 4 1.1619298
882 5 0.1255698
884 4 0.0478428
886 4 0.0478428
889 3 0.0737518
891 2 0.0478428
893 2 0.0996608
896 1 0.0996608
898 0 0.8251128
901 0 0.4105688
