0 -1 0.2292058
2 -1 0.1773878
5 -1 0.1255698
8 -1 0.2292058
10 -1 0.0737518
13 -1 0.2292058
15 -2 0.1255698
17 -1 0.2032968
20 -1 0.3069328
22 -2 0.1255698
25 -1 0.3328418
27 -4 2.8719238
29 -4 2.8460148
32 -4 2.6387428
34 -4 2.7682878
36 -4 2.5351068
39 -3 2.0687448
41 -2 1.8355638
43 -2 1.6542008
46 -2 1.6801098
48 -2 1.9391998
51 -2 2.0687448
54 -2 2.3019258
56 -2 1.4469288
58 -1 1.7319278
61 -1 2.0428358
63 -1 1.8355638
65 0 1.7837458
68 -1 2.2760168
70 0 1.5246558
72 0 2.0428358
75 0 1.4469288
77 0 1.9651088
79 1 1.4469288
82 1 2.0169268
84 2 1.6282918
86 3 1.2655658
89 3 2.0687448
91 4 1.7837458
94 4 1.6542008
97 4 1.6023828
99 5 1.6801098
101 5 0.9805668
104 6 1.2396568
106 6 1.3173838
108 7 1.0064758
111 7 1.2137478
113 8 0.9546578
115 8 1.2137478
118 9 1.0582938
120 10 0.9028398
122 10 1.1878388
125 11 1.0582938
127 11 0.9028398
129 12 1.1878388
132 12 1.0323848
134 12 0.8510218
137 13 1.1619298
140 14 0.9546578
142 14 1.0064758
144 15 1.1360208
147 15 0.9546578
149 16 1.0842028
151 17 1.0842028
154 18 0.9546578
156 19 1.1619298
158 19 1.1101118
161 20 1.0064758
163 20 0.8251128
165 21 1.1619298
168 21 1.0582938
170 23 0.9805668
172 23 0.7992038
175 23 0.7732948
177 24 0.6178408
180 24 0.6437498
183 24 0.5660228
185 25 0.6955678
188 26 0.6696588
190 27 0.6437498
192 28 0.6955678
195 29 0.6696588
197 29 0.6696588
199 31 0.7473858
202 31 0.7732948
204 31 0.8769308
206 32 0.8510218
209 33 0.8769308
211 33 0.8769308
213 34 0.8510218
216 35 0.9546578
218 36 0.9028398
220 36 0.7732948
224 37 0.6437498
226 38 0.6437498
228 39 0.6178408
231 40 0.7214768
233 40 0.6696588
235 41 0.7214768
238 41 0.7214768
240 42 0.7732948
242 42 0.7732948
245 42 0.8251128
247 43 0.7732948
249 44 0.9028398
252 45 0.8769308
254 46 0.6437498
256 47 0.6178408
259 48 0.5142048
261 48 0.7473858
264 49 0.6696588
267 50 0.8251128
269 50 0.7214768
271 51 0.8769308
274 51 0.6178408
276 52 0.5401138
278 53 0.6437498
281 54 0.6955678
283 55 0.7732948
285 55 0.7732948
288 56 0.8510218
290 57 0.9028398
292 58 0.9028398
295 59 0.8769308
297 59 0.9546578
299 59 0.6696588
302 60 0.6955678
304 61 0.6955678
307 61 0.7732948
310 63 0.7992038
312 63 0.7992038
315 64 0.8251128
317 64 0.8510218
319 65 0.8510218
322 66 0.8510218
324 66 0.9546578
326 67 0.8769308
329 68 0.4882958
331 69 0.6178408
333 70 0.6437498
336 71 0.7473858
338 71 0.7473858
340 72 0.8769308
343 73 0.5919318
345 74 0.5660228
347 74 0.7473858
351 74 0.7473858
353 75 0.8251128
355 75 0.8251128
358 77 0.7473858
360 78 0.6437498
362 78 0.6437498
365 79 0.7214768
367 80 0.8251128
369 81 0.7992038
372 82 0.8769308
374 82 0.9028398
376 83 0.9028398
379 83 0.9028398
381 83 0.9287488
383 84 0.9805668
386 86 0.7992038
388 86 0.5142048
390 88 0.6696588
394 88 0.6696588
396 88 0.7992038
398 89 0.7473858
401 90 0.8251128
403 90 0.8510218
405 92 0.6955678
408 92 0.5919318
410 93 0.6178408
412 93 0.7473858
415 95 0.7732948
417 95 0.7992038
419 96 0.8251128
422 97 0.8769308
424 98 0.8510218
426 98 0.6437498
429 99 0.6178408
431 100 0.6955678
433 100 0.7214768
437 101 0.7473858
439 102 0.8251128
441 103 0.8251128
444 104 0.8510218
446 104 0.8251128
448 104 0.8251128
451 105 0.8769308
453 106 0.8769308
455 106 0.9287488
458 107 0.6696588
460 108 0.6437498
462 109 0.5660228
465 109 0.7732948
467 110 0.6696588
469 111 0.8510218
472 112 0.8510218
474 113 0.9028398
478 113 0.5401138
480 114 0.5401138
482 115 0.7214768
485 115 0.7992038
487 116 0.8251128
489 117 0.8251128
492 117 0.5919318
494 118 0.6437498
496 119 0.6955678
499 119 0.7992038
501 120 0.8510218
503 120 0.8769308
506 121 0.9028398
508 121 0.5660228
510 122 0.6178408
513 123 0.6955678
515 124 0.7214768
517 125 0.7732948
521 125 0.8251128
523 126 0.7992038
525 126 0.8769308
528 127 0.8769308
530 127 0.9028398
532 128 0.8510218
535 128 0.9287488
537 129 0.8769308
539 130 0.9028398
542 130 0.9287488
544 130 0.8769308
546 132 0.8510218
549 132 0.7732948
551 133 0.5660228
553 134 0.5660228
556 134 0.7214768
558 135 0.6437498
560 136 0.7214768
564 136 0.7732948
566 137 0.8251128
568 137 0.8510218
571 138 0.8251128
573 139 0.6696588
575 140 0.6696588
578 141 0.0478428
580 141 0.0996608
582 142 0.0737518
585 142 0.0996608
587 143 0.0737518
589 144 0.1773878
592 144 0.0996608
594 145 0.0737518
596 145 0.0737518
599 145 0.0996608
601 146 0.0737518
603 147 0.0737518
607 147 0.1514788
609 148 0.0478428
611 148 0.0996608
614 149 0.1773878
616 149 0.3846598
618 150 0.4364778
621 150 0.7214768
623 150 0.3587508
626 151 0.8769308
628 150 0.1255698
630 151 0.5401138
633 151 0.2032968
635 152 0.5660228
637 151 0.5660228
640 153 1.0842028
642 151 0.5919318
644 153 0.9287488
648 152 0.3069328
650 153 0.5142048
652 153 0.0996608
655 153 0.2032968
657 153 0.0478428
659 153 0.0478428
662 153 0.0478428
664 153 0.0219338
666 153 0.0478428
669 152 0.0737518
671 152 0.0737518
673 152 0.3846598
676 152 0.1255698
678 152 0.0996608
680 152 0.0737518
683 152 0.3846598
