0 -2 0.1255698
3 -2 0.0996608
5 -2 0.0737518
7 -2 0.1514788
10 -2 0.0737518
12 -2 0.1255698
14 -2 0.0996608
17 -2 0.1773878
19 -2 0.0478428
21 -3 2.2241988
24 -4 2.9755598
26 -3 1.7837458
28 -4 2.8201058
31 -3 2.1723808
34 -3 1.4728378
36 -3 1.6282918
39 -3 1.7060188
41 -2 1.9651088
43 -2 2.2501078
46 -1 1.4210198
48 -2 1.9910178
50 -1 1.4728378
53 -1 2.0687448
55 0 1.6801098
57 0 1.4210198
60 0 1.3173838
62 0 1.9132908
64 0 1.7060188
67 0 1.6542008
69 1 1.6542008
71 2 1.6282918
75 2 1.2655658
77 4 1.0842028
79 4 1.3173838
82 4 1.4469288
84 5 1.1101118
86 5 0.8510218
89 6 1.1619298
91 7 1.0064758
94 7 0.8769308
96 8 0.7214768
98 8 0.6955678
101 9 0.6178408
103 10 0.6955678
105 11 0.6696588
108 11 0.7473858
110 12 0.7732948
112 12 0.8251128
115 13 0.8510218
118 13 0.8769308
120 14 0.8769308
123 14 0.6178408
125 15 0.6696588
127 16 0.7473858
130 17 0.7992038
132 18 0.8510218
134 19 0.8769308
137 19 0.5919318
139 20 0.7214768
141 21 0.7732948
144 21 0.8251128
146 22 0.8510218
148 23 0.5919318
151 24 0.6696588
153 24 0.7473858
155 25 0.5919318
158 25 0.6696588
161 26 0.3328418
163 27 0.6437498
166 28 0.5142048
168 29 0.5142048
170 30 0.5919318
173 31 0.5401138
175 31 0.6437498
177 32 0.4623868
180 33 0.5401138
182 34 0.5660228
184 34 0.3069328
187 35 0.5919318
189 36 0.2551148
191 37 0.6178408
194 38 0.3846598
196 39 0.5919318
198 40 0.3846598
201 41 0.5919318
204 41 0.5142048
206 42 0.4623868
209 42 0.5401138
211 42 0.5401138
213 43 0.4105688
216 44 0.5401138
218 45 0.2292058
220 46 0.5660228
223 47 0.3846598
225 48 0.5660228
227 49 0.4105688
230 50 0.5660228
232 51 0.4105688
235 51 0.5142048
237 52 0.3846598
239 53 0.6178408
242 53 0.4882958
244 55 0.2810238
247 56 0.4105688
250 56 0.2551148
252 58 0.5919318
254 59 0.4105688
257 59 0.5919318
259 60 0.3069328
261 60 0.6178408
264 61 0.4623868
266 62 0.6178408
268 63 0.5401138
271 64 0.6178408
273 64 0.5401138
275 65 0.5919318
278 66 0.4105688
280 67 0.5919318
282 68 0.4882958
285 69 0.5919318
287 70 0.4105688
290 70 0.4882958
293 71 0.5142048
295 71 0.3846598
297 72 0.5660228
300 74 0.3328418
302 74 0.5919318
304 75 0.4882958
307 75 0.5919318
309 76 0.5142048
311 78 0.2551148
314 78 0.5401138
316 79 0.3846598
318 80 0.6178408
321 81 0.4105688
323 82 0.6437498
325 83 0.4623868
328 83 0.5660228
331 84 0.3069328
333 84 0.6178408
336 86 0.4623868
338 87 0.6178408
340 88 0.3069328
343 88 0.6178408
345 89 0.4623868
347 90 0.5660228
350 90 0.5142048
352 92 0.5919318
354 93 0.4882958
357 93 0.5142048
359 94 0.5660228
361 95 0.3846598
364 95 0.5660228
366 98 0.3846598
368 98 0.5142048
371 99 0.3846598
374 99 0.6178408
376 100 0.4364778
379 100 0.6178408
381 102 0.3846598
384 102 0.6437498
386 104 0.4882958
388 104 0.6437498
391 104 0.4882958
393 106 0.6437498
395 106 0.4882958
398 107 0.5401138
400 108 0.3846598
402 109 0.5919318
405 109 0.4623868
407 110 0.5919318
409 112 0.4105688
412 113 0.4105688
414 113 0.5660228
417 114 0.4105688
420 115 0.5660228
422 116 0.2810238
424 116 0.5660228
427 117 0.5142048
429 118 0.5142048
431 119 0.5401138
434 119 0.1773878
436 120 0.5401138
438 121 0.3846598
441 121 0.5401138
443 121 0.4105688
445 122 0.6178408
448 123 0.4882958
450 125 0.5142048
452 125 0.4364778
455 126 0.6178408
457 127 0.4882958
460 127 0.5919318
463 128 0.3587508
465 128 0.6437498
467 129 0.4623868
470 130 0.6178408
472 131 0.4105688
474 131 0.6178408
477 132 0.3587508
479 133 0.4623868
481 133 0.4105688
484 134 0.5660228
486 135 0.4364778
488 136 0.5919318
491 137 0.3328418
493 137 0.5919318
495 138 0.4364778
498 139 0.5142048
500 140 0.3069328
503 140 0.0996608
506 141 0.0996608
508 142 0.0478428
510 142 0.0737518
513 143 0.0996608
515 144 0.0737518
517 145 0.0478428
520 145 0.0219338
522 145 0.0737518
525 146 0.0737518
527 147 0.0478428
529 148 0.0478428
532 148 0.0478428
534 147 0.3069328
536 149 1.2655658
539 148 0.5142048
541 149 0.6178408
543 148 1.4469288
547 150 1.2914748
549 152 1.4987468
551 151 0.5142048
554 151 2.3537438
556 151 2.8201058
558 151 2.2241988
561 151 2.0946538
563 152 1.7319278
565 152 0.8510218
568 153 0.9805668
570 153 0.0219338
572 154 0.2551148
575 154 0.0737518
577 154 0.1514788
579 154 0.0478428
