0 153 0.0737518
14 153 0.0737518
27 153 0.0996608
40 153 0.0737518
54 152 0.0219338
67 153 0.0737518
81 152 0.0219338
94 152 0.1255698
108 151 0.0478428
121 151 0.2032968
134 150 0.0996608
148 150 0.0996608
161 149 0.0478428
174 149 0.0996608
188 149 0.0219338
201 147 0.1255698
214 147 0.1255698
228 147 0.0996608
241 147 0.0478428
254 146 0.0737518
268 147 0.1255698
281 146 0.1255698
294 145 0.2032968
307 145 0.0996608
321 145 0.0478428
334 144 0.2032968
347 144 0.0478428
361 143 0.1255698
374 142 0.1773878
387 141 0.4623868
401 141 0.0478428
414 141 0.0737518
427 141 0.2032968
441 141 0.1514788
454 140 0.0737518
467 140 0.3328418
482 138 0.1255698
495 137 0.2032968
508 138 0.0737518
521 139 0.4105688
535 139 0.2551148
548 137 0.1773878
561 136 0.0478428
575 136 0.0996608
588 135 0.7473858
601 135 0.0737518
615 135 0.0737518
628 136 0.4364778
641 136 0.1514788
655 135 0.0478428
668 134 0.2551148
681 132 0.3328418
695 132 0.0478428
708 132 0.0737518
721 132 0.1773878
734 132 0.0996608
748 131 0.0478428
761 130 0.1773878
774 130 0.1255698
788 128 0.0996608
801 129 0.0478428
814 129 0.0737518
828 129 0.0737518
841 129 0.2032968
854 128 0.4364778
868 127 0.0737518
881 127 0.0478428
895 125 0.3328418
909 125 0.1514788
922 125 0.0478428
935 125 0.1773878
948 125 0.1255698
962 124 0.0737518
975 122 0.2292058
988 122 0.2032968
1002 122 0.0737518
1015 122 0.0737518
1028 122 0.0996608
1042 122 0.1255698
1055 121 0.2551148
1068 121 0.0996608
1082 121 0.0996608
1095 120 0.0737518
1108 120 0.0219338
1122 120 0.0478428
1135 119 0.0996608
1148 118 0.0737518
1161 118 0.0996608
1175 118 0.0996608
1188 117 0.0996608
1201 117 0.1514788
1215 117 0.0996608
1228 116 0.0996608
1241 115 0.0996608
1255 115 0.3587508
1268 115 0.0219338
1281 115 0.0737518
1295 115 0.0737518
1309 114 0.0737518
1322 113 0.0996608
1336 112 0.0478428
1349 111 0.5142048
1362 111 0.0737518
1375 111 0.1514788
1389 111 0.3328418
1402 111 0.1255698
1415 110 0.0996608
1429 109 0.0478428
1442 108 0.2292058
1455 108 0.0996608
1469 108 0.0478428
1482 108 0.0737518
1495 107 0.0737518
1509 107 0.2032968
1522 106 0.0737518
1535 106 0.1255698
1549 106 0.0737518
1562 106 0.2292058
1575 104 0.1255698
1588 104 0.3069328
1602 104 0.0219338
1615 104 0.1514788
1628 104 0.1514788
1642 104 0.1255698
1655 103 0.1773878
1668 102 0.6696588
1682 99 0.9287488
1695 101 0.0478428
1708 101 0.0737518
1723 100 0.1255698
1736 100 0.1255698
1749 100 0.0478428
1763 100 0.0996608
1776 98 0.0996608
1789 98 0.2810238
1802 98 0.0737518
1816 97 0.0996608
1829 97 0.0737518
1842 96 0.3846598
1856 95 0.0996608
1869 95 0.1255698
1882 95 0.0737518
1896 95 0.1514788
1909 95 0.1514788
1922 94 0.1773878
1936 93 0.7214768
1949 93 0.1514788
1962 93 0.0737518
1976 93 0.2292058
1989 93 0.1773878
2002 92 0.0737518
2015 90 0.0478428
2029 90 0.3328418
2042 90 0.0996608
2055 90 0.0737518
2069 90 0.1514788
2082 90 0.1255698
2095 89 0.1255698
2109 89 0.1773878
2122 88 0.0996608
2136 87 0.0737518
2150 87 0.0737518
2163 87 0.0737518
2176 87 0.1255698
2190 86 0.0478428
2203 84 0.9028398
2216 84 0.0219338
2230 84 0.0737518
2243 84 0.1773878
2256 84 0.3328418
2269 84 0.0737518
2283 83 0.0219338
2296 82 0.0478428
2309 82 0.1773878
2323 81 0.0737518
2336 81 0.1514788
2349 80 0.0478428
2363 80 0.0996608
2376 79 0.0737518
2389 79 0.0996608
2403 79 0.0737518
2416 79 0.3587508
2429 78 0.1255698
2442 77 0.1255698
2456 76 0.0478428
2469 75 0.0737518
2482 76 0.0996608
2496 76 0.3587508
2509 76 0.0996608
2522 75 0.1255698
2536 75 0.1255698
2550 74 0.2292058
2563 74 0.1255698
2577 74 0.1255698
2590 74 0.0996608
2603 74 0.0737518
2617 72 0.0996608
2630 71 0.9805668
2643 71 0.2551148
2657 71 0.0737518
2670 71 0.1773878
2683 71 0.2810238
2696 71 0.2292058
2710 70 0.0737518
2723 68 0.7732948
2736 68 0.0737518
2750 68 0.0737518
2763 68 0.1773878
2776 68 0.0737518
2790 68 0.0478428
2803 67 0.1255698
2816 65 0.0478428
2830 65 0.1255698
2843 65 0.0737518
2856 65 0.0996608
2870 65 0.0737518
2883 65 0.0219338
2896 64 0.1514788
2909 63 0.0737518
2923 61 0.3328418
2936 62 0.0996608
2949 62 0.0996608
2964 61 0.0737518
2977 61 0.0996608
2990 60 0.3328418
3004 60 0.1255698
3017 60 0.1255698
3030 60 0.1255698
3044 60 0.0737518
3057 59 0.1255698
3070 59 0.0996608
3084 58 0.0996608
3097 56 0.0478428
3110 56 0.0996608
3123 56 0.0996608
3137 56 0.0737518
3150 56 0.1514788
3163 55 0.0478428
3177 54 0.1514788
3190 53 0.3846598
3203 53 0.0478428
3217 53 0.0737518
3230 53 0.1255698
3243 53 0.0478428
3257 52 0.2292058
3270 51 0.1255698
3283 51 0.0996608
3297 51 0.0478428
3310 51 0.0737518
3323 51 0.0737518
3336 50 0.1255698
3350 49 0.0737518
3364 47 0.3328418
3377 47 0.1255698
3391 48 -0.0039752
3404 48 0.0737518
3417 48 0.0737518
3431 47 0.0737518
3444 46 0.1255698
3457 45 0.0996608
3471 44 0.0737518
3484 44 0.0737518
3497 44 0.0478428
3511 44 0.0996608
3524 44 0.1255698
3537 43 0.0478428
3550 42 0.0478428
3564 43 0.0219338
3577 42 0.0996608
3590 42 0.0737518
3604 42 0.0996608
3617 41 0.2032968
3630 40 0.1255698
3644 40 0.1255698
3657 40 0.0478428
3670 40 0.0737518
3684 39 0.1255698
3697 38 0.1255698
3710 37 0.3069328
3724 37 0.1255698
3737 37 0.0996608
3750 37 0.1514788
3763 37 0.1255698
3777 36 0.1773878
3791 34 0.4105688
3804 34 0.0737518
3818 34 0.0737518
3831 34 0.0996608
3844 34 0.0737518
3858 34 0.1514788
3871 33 0.0996608
3884 31 0.1255698
3898 31 0.1773878
3911 31 0.0737518
3924 31 0.0996608
3938 31 0.1514788
3951 30 0.0478428
3964 28 0.3587508
3977 28 0.3328418
3991 28 0.1514788
4004 28 0.0478428
4017 28 0.0996608
4031 28 0.1773878
4044 28 0.0478428
4057 26 0.0996608
4071 26 0.5919318
4084 26 0.0478428
4097 26 0.1514788
4111 26 0.2292058
4124 25 0.0737518
4137 25 0.0737518
4151 24 0.1514788
4164 24 0.0478428
4177 23 0.1255698
4190 23 0.0996608
4205 23 0.0478428
4218 22 0.1255698
4231 20 0.3328418
4245 21 0.0737518
4258 21 0.1255698
4271 21 0.0737518
4285 21 0.0737518
4298 20 0.2810238
4311 19 0.0737518
4325 18 0.3587508
4338 17 0.0737518
4351 17 0.0737518
4365 17 0.2032968
4378 18 0.2810238
4391 17 0.0478428
4404 16 0.0737518
4418 15 0.0737518
4431 15 0.0737518
4444 15 0.0737518
4458 14 0.1255698
4471 14 0.0219338
4484 13 0.1255698
4498 13 0.0996608
4511 13 0.0219338
4524 13 0.3328418
4538 13 0.2292058
4551 13 0.0996608
4564 12 0.0996608
4578 10 0.0996608
4591 9 0.7992038
4604 9 0.0996608
4618 10 0.1514788
4632 10 0.3587508
4645 9 0.0478428
4658 8 0.0737518
4672 8 0.0996608
4685 7 0.2810238
4698 6 0.0737518
4712 6 0.0737518
4725 6 0.0737518
4738 6 0.2551148
4752 5 0.0478428
4765 5 0.0478428
4778 4 0.1514788
4792 4 0.0478428
4805 2 0.0737518
4818 2 0.0996608
4831 2 0.1514788
4845 2 0.0478428
4858 2 0.2032968
4871 2 0.2032968
4885 1 0.0478428
4898 0 0.1255698
4911 0 0.0996608
4925 0 0.0737518
