0 153 0.0478428
13 153 0.0219338
27 153 0.0737518
40 153 0.0219338
53 152 0.0219338
67 153 0.0996608
80 152 0.0737518
93 152 0.2032968
107 152 0.0478428
120 151 0.0996608
133 151 0.0737518
147 150 0.0219338
160 150 0.0996608
173 150 0.2551148
186 149 0.0737518
200 149 0.0996608
213 147 0.0478428
226 147 0.1773878
240 147 0.0737518
253 147 0.2032968
266 146 0.0996608
280 145 0.0996608
293 145 0.1255698
306 145 0.0219338
320 145 0.0219338
333 144 0.1514788
346 144 0.1773878
360 143 0.4623868
373 142 0.1255698
386 141 0.0737518
400 142 0.0478428
414 142 0.2292058
427 142 0.2551148
440 142 0.1255698
454 140 0.0737518
467 139 0.4623868
480 138 0.2292058
494 138 0.0996608
507 138 0.0478428
520 138 0.4623868
534 138 0.0996608
547 136 0.0996608
560 136 0.0737518
574 136 0.0996608
587 136 0.0478428
600 136 0.0996608
613 136 0.4364778
627 136 0.0737518
640 134 0.1773878
653 133 0.0996608
667 133 0.0737518
680 133 0.0478428
693 133 0.0478428
707 133 0.1514788
720 132 0.0478428
733 131 0.1514788
747 130 0.0478428
760 130 0.0219338
773 130 0.0737518
787 130 0.1255698
800 130 0.0478428
814 129 0.0478428
827 128 0.0996608
841 128 0.1514788
854 127 0.0737518
867 127 0.0219338
881 127 -0.0039752
894 127 0.2032968
907 125 0.2032968
921 125 0.0737518
934 125 0.1255698
947 124 0.0737518
961 124 0.0737518
974 123 0.0737518
987 122 0.3328418
1001 122 0.0219338
1014 122 0.0219338
1027 122 0.1773878
1040 122 0.0737518
1054 121 0.1255698
1067 121 0.0478428
1080 121 0.1514788
1094 121 0.1255698
1107 121 0.0219338
1120 120 0.0737518
1134 120 0.1514788
1147 119 0.0737518
1160 118 0.2032968
1174 117 0.0737518
1187 117 0.0737518
1200 117 0.0478428
1215 117 0.1514788
1228 116 0.0996608
1241 115 0.2551148
1254 115 0.1255698
1268 114 0.0478428
1281 114 0.1255698
1294 114 0.3069328
1308 114 0.1773878
1321 113 0.0737518
1334 112 0.3587508
1348 111 0.0478428
1361 111 0.0737518
1374 111 0.1773878
1388 111 0.2551148
1401 111 0.0737518
1414 110 0.1255698
1428 108 0.0996608
1441 108 0.3328418
1454 108 0.0219338
1467 108 0.0737518
1481 108 0.0737518
1494 107 0.0478428
1507 106 0.0996608
1521 107 0.0219338
1534 106 0.0737518
1547 106 0.0737518
1561 106 0.0996608
1574 105 0.3069328
1587 104 0.2032968
1601 104 0.0737518
1614 104 0.0996608
1628 104 0.0737518
1642 104 0.0737518
1655 103 0.1255698
1668 102 0.2292058
1681 101 0.5660228
1695 100 0.0478428
1708 101 0.0737518
1721 101 0.2032968
1735 101 0.3587508
1748 100 0.1255698
1761 100 0.0996608
1775 98 0.1255698
1788 98 0.1514788
1801 98 0.0996608
1815 98 0.0996608
1828 98 0.0996608
1841 96 0.2292058
1855 95 0.0737518
1868 95 0.0737518
1881 95 0.0478428
1894 95 0.1773878
1908 95 0.1255698
1921 94 0.0219338
1934 93 0.2032968
1948 92 0.0737518
1961 92 0.0478428
1974 92 0.2292058
1988 92 0.0996608
2001 92 0.0478428
2014 90 0.7992038
2028 90 0.3328418
2041 90 0.1255698
2055 90 0.0219338
2069 90 0.2032968
2082 90 0.2032968
2095 89 0.0478428
2109 89 0.0478428
2122 87 0.0996608
2135 87 0.4623868
2148 87 0.0478428
2162 87 0.0478428
2175 86 0.1514788
2188 86 0.0996608
2202 84 0.1773878
2215 83 0.1255698
2228 84 0.0737518
2242 84 0.0996608
2255 83 0.0996608
2268 84 0.0737518
2282 83 0.0478428
2295 82 0.0737518
2308 82 0.0737518
2321 81 0.0996608
2335 80 0.2032968
2348 80 0.0737518
2361 80 0.0737518
2375 79 0.0737518
2388 79 0.0478428
2401 79 0.1514788
2415 79 0.3328418
2428 78 0.0737518
2441 77 0.1514788
2456 76 0.0737518
2469 75 0.2032968
2482 76 0.0996608
2496 76 0.1255698
2509 76 0.1255698
2522 75 0.0996608
2536 75 0.0996608
2549 74 0.3587508
2562 74 0.0737518
2575 74 0.0737518
2589 74 0.0737518
2602 74 0.0219338
2615 73 0.0996608
2629 71 1.2396568
2642 71 0.2551148
2655 71 0.0478428
2669 71 0.2032968
2682 72 0.3069328
2695 71 0.0737518
2709 69 0.0737518
2722 68 0.9546578
2735 68 0.0478428
2749 68 0.1255698
2762 68 0.0737518
2775 68 0.2551148
2788 67 0.2032968
2802 65 0.0996608
2815 65 0.5401138
2828 65 0.0737518
2842 65 0.0737518
2855 65 0.1514788
2869 65 0.0737518
2883 64 0.0996608
2896 63 0.0478428
2909 62 0.0996608
2923 62 0.1255698
2936 62 0.0996608
2949 62 0.1514788
2963 61 0.0219338
2976 60 0.0996608
2989 60 0.1255698
3002 60 0.0737518
3016 60 0.0996608
3029 60 0.1255698
3042 60 0.2292058
3056 59 0.3069328
3069 59 0.0737518
3082 57 0.4364778
3096 56 0.0478428
3109 56 0.0996608
3122 57 0.1773878
3136 57 0.1773878
3149 56 0.0478428
3162 55 0.0737518
3176 54 0.0737518
3189 53 0.3587508
3202 53 0.0996608
3215 53 0.1255698
3229 54 0.1514788
3242 53 0.0996608
3255 52 0.0737518
3269 51 0.1514788
3283 51 0.0996608
3296 51 0.0737518
3310 51 0.1255698
3323 51 0.0478428
3336 50 0.0996608
3350 49 0.0737518
3363 47 0.9028398
3376 48 0.0219338
3390 48 0.1514788
3403 48 0.0737518
3416 48 0.2292058
3429 47 0.1255698
3443 46 0.1514788
3456 45 0.2032968
3469 44 0.0737518
3483 45 0.0737518
3496 44 0.1773878
3509 44 0.0737518
3523 43 0.0737518
3536 42 0.2292058
3549 43 0.0737518
3563 42 0.0996608
3576 42 0.1514788
3589 42 0.1255698
3603 42 0.0478428
3616 41 0.0996608
3629 40 0.2032968
3642 40 0.0478428
3656 40 0.0219338
3669 39 0.0737518
3682 38 0.3069328
3696 37 0.2032968
3710 37 0.0478428
3723 37 0.0996608
3737 37 0.1514788
3750 37 0.3328418
3763 37 0.0737518
3777 36 0.2032968
3790 34 0.3587508
3803 34 0.2292058
3817 34 0.0219338
3830 34 0.2032968
3843 35 0.0478428
3856 34 0.1773878
3870 32 0.2032968
3883 31 0.0737518
3896 31 0.0996608
3910 31 0.0737518
3923 31 0.0737518
3936 31 0.0996608
3950 30 0.1514788
3963 28 0.5660228
3976 28 0.1255698
3990 28 0.0737518
4003 28 0.1255698
4016 29 0.2032968
4030 28 0.1514788
4043 28 0.0478428
4056 26 0.2032968
4069 27 -0.0817022
4083 26 0.0478428
4096 26 0.1514788
4110 26 0.1773878
4124 25 0.0219338
4137 25 0.0219338
4150 24 0.1514788
4164 24 0.0737518
4177 23 0.0737518
4190 23 0.0996608
4204 23 0.0737518
4217 21 0.6696588
4230 21 0.0996608
4244 21 0.0737518
4257 21 0.0478428
4270 21 0.1255698
4283 20 0.0478428
4297 20 0.0478428
4310 19 0.0996608
4323 18 0.4105688
4337 17 0.2292058
4350 18 0.0996608
4363 18 0.1773878
4377 18 0.3328418
4390 17 0.2551148
4403 16 0.0996608
4417 15 0.0478428
4430 15 0.0478428
4443 15 0.0478428
4457 15 0.0996608
4470 15 0.0737518
4483 14 0.0996608
4496 13 0.1773878
4510 13 0.0737518
4524 13 0.0996608
4537 13 0.0996608
4551 13 0.0737518
4564 12 0.0478428
4577 12 0.0478428
4591 10 0.2292058
4604 9 0.1255698
4617 9 0.0737518
4631 9 0.0996608
4644 9 0.0996608
4657 9 0.1255698
4671 8 0.0737518
4684 8 0.0737518
4697 7 0.2292058
4710 7 0.1514788
4724 6 0.0996608
4737 6 0.0478428
4750 6 0.1255698
4764 5 0.0996608
4777 5 0.0478428
4790 4 0.0478428
4804 3 0.2810238
4817 3 0.2032968
4830 2 0.1255698
4844 2 0.0219338
4857 2 0.0996608
4870 1 0.0478428
4884 1 0.0737518
4897 1 0.0737518
4910 0 0.2032968
4923 0 0.1514788
4938 0 0.2032968
