0 -1 0.0478428
2 -1 0.0478428
5 -2 0.0478428
7 -1 0.0219338
9 -1 0.0478428
13 -1 0.0737518
15 -1 -0.0039752
17 -1 0.0478428
20 -1 0.0478428
22 -1 0.0478428
24 -2 1.3173838
27 -4 2.9755598
29 -4 2.9237418
31 -4 2.6128338
34 -3 1.7060188
36 -4 1.7578368
38 -3 1.5505648
41 -3 1.8873818
43 -3 2.1723808
45 -2 1.4210198
48 -2 1.9910178
50 -1 1.5764738
52 -1 1.2396568
56 -2 2.0687448
58 -1 1.7319278
60 0 1.6801098
63 0 1.7319278
65 0 1.7319278
67 0 1.1360208
70 1 1.2655658
72 2 1.4987468
74 3 1.1619298
77 3 1.0323848
79 4 1.1619298
81 4 0.9546578
84 5 0.8251128
86 6 0.6955678
88 6 0.6955678
91 7 0.6437498
93 8 0.6437498
96 8 0.6955678
99 9 0.7732948
101 9 0.8251128
103 10 0.5660228
106 11 0.5919318
108 12 0.7473858
110 12 0.7992038
113 13 0.5401138
115 14 0.7473858
118 14 0.7732948
120 15 0.5919318
122 15 0.6955678
125 16 0.4105688
127 18 0.5919318
129 19 0.7214768
132 19 0.5919318
134 20 0.6437498
136 21 0.5401138
140 22 0.6437498
142 23 0.4882958
144 23 0.5660228
147 24 0.4882958
149 24 0.3846598
151 25 0.5919318
154 26 0.4105688
156 27 0.3069328
158 28 0.5401138
161 29 0.4364778
163 30 0.2551148
165 31 0.4882958
168 31 0.4623868
170 32 0.4623868
172 33 0.4364778
175 34 0.4105688
177 35 0.2810238
179 36 0.3587508
183 36 0.5142048
185 38 0.4364778
187 39 0.4105688
190 40 0.3846598
192 40 0.4882958
194 41 0.4105688
197 42 0.3846598
199 42 0.3328418
201 42 0.4623868
204 44 0.3846598
206 44 0.3846598
208 45 0.3328418
211 46 0.4364778
213 47 0.3587508
215 48 0.4105688
218 50 0.3069328
220 50 0.1514788
222 51 0.4623868
226 51 0.4364778
228 53 0.4105688
230 53 0.2810238
233 55 0.3328418
235 56 0.4105688
237 56 0.4364778
240 58 0.2551148
242 59 0.1773878
245 59 0.3846598
247 59 0.4623868
249 60 0.3587508
252 61 0.3328418
254 62 0.2810238
256 63 0.4623868
259 64 0.4105688
261 65 0.3069328
263 65 0.2551148
267 66 0.5401138
269 68 0.4364778
271 68 0.3587508
274 70 0.3069328
276 71 0.2032968
278 71 0.3846598
281 72 0.3328418
283 73 0.3328418
285 74 0.1255698
288 74 0.1255698
290 75 0.4623868
292 75 0.4105688
295 77 0.3069328
297 78 0.3328418
299 78 0.3069328
302 80 0.4623868
304 81 0.3328418
306 82 0.2810238
310 83 0.3069328
312 83 0.5401138
314 83 0.4105688
317 85 0.4105688
319 86 0.3328418
321 87 0.3846598
324 88 0.4105688
326 88 0.3587508
328 89 0.3069328
331 90 0.1514788
333 91 0.4364778
335 92 0.4623868
338 93 0.4364778
340 94 0.2810238
342 95 0.4105688
345 95 0.4105688
347 97 0.3846598
349 98 0.2292058
353 99 0.2032968
355 100 0.4882958
357 100 0.3846598
360 101 0.2810238
362 102 0.4105688
364 103 0.4364778
367 104 0.3846598
369 104 0.2551148
371 105 0.4105688
374 106 0.4882958
376 107 0.4364778
378 108 0.2551148
381 109 0.4105688
383 109 0.4364778
386 110 0.4105688
388 112 0.2292058
390 113 0.1773878
393 114 0.4623868
396 115 0.4364778
398 115 0.3587508
401 116 0.3587508
403 117 0.3069328
405 118 0.4105688
408 119 0.3328418
410 119 0.2810238
412 120 0.2810238
415 121 0.1773878
417 121 0.4105688
419 122 0.4623868
422 123 0.3846598
424 124 0.2551148
426 125 0.3069328
429 125 0.4623868
431 127 0.4105688
433 127 0.2292058
436 127 0.3328418
439 128 0.4882958
441 129 0.4882958
444 130 0.3328418
446 130 0.2810238
448 131 0.4623868
451 132 0.3846598
453 133 0.2292058
455 134 0.1514788
458 134 0.3846598
460 135 0.4623868
462 136 0.3587508
465 137 0.3846598
467 138 0.3069328
469 138 0.3587508
472 140 0.1514788
474 140 0.0996608
476 141 0.0219338
480 142 0.0478428
482 142 0.0737518
484 143 0.0737518
487 144 0.0737518
489 145 0.0478428
491 145 0.0478428
494 146 0.0478428
496 146 0.0478428
498 147 0.0478428
501 148 0.0737518
503 147 0.4623868
505 149 1.2396568
508 148 0.4623868
510 150 1.6023828
512 149 1.0323848
515 152 1.8614728
517 150 1.3951108
520 151 2.3537438
523 151 3.1051048
525 151 3.2605588
528 151 2.1982898
530 152 2.5351068
532 152 1.0582938
535 154 1.4987468
537 154 1.1878388
539 153 0.4882958
542 154 0.3846598
544 154 0.2810238
546 154 0.2292058
549 154 0.4364778
551 154 0.1255698
553 153 0.0737518
556 153 0.1255698
558 153 0.0737518
560 153 0.2032968
563 153 0.2292058
566 152 0.1773878
568 152 0.4623868
571 152 0.2292058
573 152 0.9287488
575 151 0.3069328
578 152 0.1773878
580 152 0.0996608
582 152 0.0996608
585 153 0.0737518
587 153 0.0478428
589 153 0.0996608
592 153 0.1514788
594 153 0.3328418
