0 -2 0.2292058
3 -2 0.0737518
5 -2 0.2032968
7 -2 0.0737518
10 -2 0.1514788
12 -2 0.2810238
14 -2 0.0996608
17 -2 0.1773878
19 -2 0.0478428
21 -2 0.1773878
24 -2 0.1514788
26 -5 2.9755598
29 -5 2.9755598
31 -5 2.6128338
34 -5 2.8719238
37 -5 2.7164698
39 -4 2.3796528
41 -4 2.1723808
44 -4 2.2241988
46 -4 2.4573798
48 -2 1.3432928
51 -2 1.8873818
53 -2 2.3278348
55 -2 1.7060188
58 -2 1.7837458
60 -2 1.9132908
62 -1 1.5246558
65 -1 2.3278348
67 0 1.8873818
69 0 1.7060188
72 0 1.5764738
74 0 1.4469288
77 0 1.4210198
80 1 1.4728378
82 2 1.4469288
84 2 1.5764738
87 3 0.9287488
89 4 1.2137478
91 4 1.3432928
94 5 1.0842028
96 5 1.3173838
98 6 1.0582938
101 7 0.8510218
103 7 0.7473858
105 7 1.0842028
108 8 1.0323848
110 9 0.9805668
112 9 0.9287488
115 10 0.9546578
117 11 0.9805668
120 11 0.9546578
123 12 0.9546578
125 12 0.7732948
127 13 0.6437498
130 14 0.5142048
132 15 0.6696588
134 15 0.6437498
137 15 0.7992038
139 17 0.7992038
141 17 0.8251128
144 18 0.7992038
146 19 0.9287488
148 20 0.9028398
151 20 0.6437498
153 21 0.6178408
155 22 0.6955678
158 23 0.7473858
160 23 0.7732948
163 24 0.8510218
166 24 0.5919318
168 25 0.7214768
170 25 0.7473858
173 27 0.5401138
175 28 0.6178408
177 28 0.7473858
180 29 0.5142048
182 31 0.6696588
185 31 0.3587508
187 31 0.6178408
189 32 0.6696588
192 33 0.5142048
194 34 0.6955678
196 34 0.4882958
199 35 0.6437498
201 36 0.4882958
203 37 0.6955678
207 38 0.4623868
209 39 0.5919318
211 40 0.6178408
214 41 0.5401138
216 41 0.6437498
218 42 0.5142048
221 42 0.6696588
223 42 0.4364778
225 43 0.5401138
228 44 0.5919318
230 45 0.5142048
232 46 0.6696588
235 47 0.4105688
237 47 0.6955678
239 49 0.4882958
242 50 0.5142048
244 50 0.6178408
247 51 0.4623868
250 51 0.6437498
252 52 0.4623868
254 53 0.6696588
257 54 0.4882958
259 55 0.6437498
261 56 0.4623868
264 57 0.6437498
266 58 0.4623868
268 59 0.5401138
271 59 0.4623868
273 59 0.6178408
275 60 0.5142048
278 61 0.5919318
280 62 0.6955678
282 63 0.5142048
285 64 0.6696588
287 64 0.5401138
290 65 0.6696588
293 66 0.4623868
295 67 0.6178408
297 67 0.3069328
300 69 0.5660228
302 70 0.4364778
304 71 0.5660228
307 71 0.4105688
309 71 0.5401138
311 72 0.3846598
314 74 0.5660228
316 74 0.4105688
318 75 0.5660228
321 75 0.3069328
323 76 0.5919318
325 78 0.2292058
328 78 0.5919318
330 79 0.4105688
334 80 0.5919318
336 81 0.4105688
338 82 0.5660228
341 82 0.4882958
343 83 0.5401138
345 83 0.6696588
348 84 0.5919318
350 86 0.6437498
352 87 0.5401138
355 88 0.5919318
357 88 0.4623868
359 89 0.5919318
362 89 0.4623868
364 90 0.5919318
366 91 0.3328418
369 92 0.5660228
371 93 0.6696588
373 93 0.5401138
377 95 0.6696588
379 95 0.5401138
381 96 0.6437498
384 98 0.4364778
386 98 0.6437498
388 99 0.3587508
391 100 0.6178408
393 100 0.5660228
395 101 0.5660228
398 102 0.7214768
400 103 0.4882958
402 104 0.6437498
405 104 0.3846598
407 104 0.5919318
409 106 0.4364778
412 106 0.5660228
414 107 0.6178408
416 109 0.4882958
420 109 0.6437498
422 109 0.4882958
424 110 0.6437498
427 112 0.5401138
429 113 0.6178408
431 113 0.4882958
434 114 0.5142048
436 115 0.4105688
438 116 0.5401138
441 116 0.4105688
443 117 0.6178408
445 118 0.1773878
448 118 0.5401138
450 119 0.3587508
453 120 0.5660228
455 120 0.7214768
457 121 0.5660228
461 121 0.6955678
463 122 0.3587508
465 123 0.6437498
468 125 0.3587508
470 125 0.6696588
472 126 0.4623868
475 127 0.5919318
477 127 0.4364778
479 127 0.5660228
482 128 0.6696588
484 129 0.5142048
486 129 0.6437498
489 130 0.4882958
491 131 0.6178408
493 131 0.6955678
496 132 0.4882958
498 133 0.6178408
500 134 0.4364778
504 134 0.6178408
506 135 0.4882958
508 136 0.6178408
511 136 0.4364778
513 137 0.4364778
515 138 0.5401138
518 140 0.4364778
520 140 0.6178408
522 141 0.0996608
525 142 0.0737518
527 142 0.0478428
529 142 0.0737518
532 143 0.0737518
534 144 0.1255698
536 145 0.0219338
539 145 0.0219338
541 146 0.0478428
543 146 0.0737518
547 147 0.0737518
549 147 0.0478428
551 148 0.0478428
554 148 0.5142048
556 149 0.5142048
558 149 0.8769308
561 150 0.4882958
563 149 0.9546578
565 150 1.2396568
568 152 0.8769308
570 151 0.4364778
572 151 1.9651088
575 151 2.3537438
577 151 2.0169268
579 151 2.4055618
582 152 1.2396568
584 152 1.3692018
586 153 0.4623868
590 153 0.3587508
592 153 0.0996608
594 153 0.1255698
597 153 0.0996608
599 153 0.1255698
601 153 0.0737518
604 153 0.0478428
