0 -2 0.0478428
2 -2 0.0737518
4 -2 0.0478428
7 -2 0.0737518
9 -2 0.0737518
11 -2 0.0737518
14 -2 0.0478428
16 -2 0.0478428
18 -2 0.0737518
21 -2 0.0478428
23 -4 2.5091978
25 -4 2.9755598
28 -4 2.9237418
30 -4 2.6905608
33 -3 2.0428358
36 -3 1.8873818
38 -3 1.9651088
40 -2 2.1205628
43 -2 2.5091978
45 -2 1.6801098
47 -2 2.3019258
50 -1 1.7319278
52 -1 1.3692018
54 -1 2.1464718
57 0 1.7837458
59 0 1.6542008
61 0 1.5505648
64 0 1.5246558
66 0 1.5764738
68 2 1.5505648
71 2 1.7060188
73 3 1.1360208
76 4 1.3173838
79 4 0.9287488
81 5 1.1878388
83 6 0.9287488
86 6 1.2396568
88 6 1.0842028
90 7 0.9546578
93 8 0.9028398
95 8 0.8510218
97 9 0.9287488
100 10 0.8510218
102 10 0.9028398
104 11 0.5660228
107 12 0.6955678
109 12 0.7473858
112 13 0.7992038
114 13 0.8510218
116 15 0.6437498
120 15 0.6696588
122 15 0.7732948
124 16 0.7732948
127 17 0.3846598
129 18 0.6955678
131 19 0.6696588
134 20 0.8251128
136 21 0.5660228
138 21 0.6955678
141 22 0.7473858
143 23 0.5660228
145 23 0.6955678
148 24 0.2810238
150 24 0.6437498
152 25 0.5919318
155 26 0.5401138
157 27 0.5401138
159 28 0.5660228
163 29 0.3328418
165 30 0.4623868
167 31 0.3587508
170 31 0.5660228
172 32 0.4882958
174 33 0.2551148
177 34 0.5142048
179 34 0.3328418
181 35 0.5919318
184 36 0.5142048
186 37 0.3069328
188 38 0.4882958
191 39 0.3846598
193 40 0.6178408
195 40 0.4882958
198 41 0.2032968
200 42 0.4364778
202 42 0.2551148
206 42 0.5401138
208 44 0.4882958
210 44 0.4882958
213 46 0.4364778
215 47 0.3328418
217 47 0.5660228
220 49 0.5142048
222 49 0.2551148
224 50 0.4882958
227 51 0.3069328
229 51 0.5401138
231 52 0.4364778
234 53 0.2810238
236 54 0.4623868
238 55 0.3587508
241 56 0.4364778
243 57 0.5142048
245 58 0.4364778
249 59 0.3328418
251 60 0.4364778
253 60 0.4364778
256 61 0.5660228
258 62 0.4623868
261 63 0.3846598
263 64 0.5142048
265 64 0.4882958
268 65 0.5660228
270 66 0.4882958
272 67 0.4105688
275 68 0.4623868
277 69 0.4882958
279 70 0.4364778
282 71 0.4105688
284 71 0.4364778
286 71 0.4882958
290 73 0.5401138
292 74 0.3069328
294 74 0.5142048
297 75 0.5142048
299 75 0.3846598
301 76 0.5660228
304 78 0.4105688
306 78 0.2551148
308 79 0.5919318
311 80 0.4105688
313 81 0.4882958
315 82 0.4105688
318 83 0.2551148
320 83 0.5401138
322 84 0.3846598
325 85 0.6178408
327 87 0.4105688
329 88 0.2292058
333 88 0.5660228
335 89 0.3846598
337 89 0.6178408
340 90 0.4623868
342 92 0.2551148
344 92 0.5660228
347 93 0.4364778
349 93 0.2292058
351 95 0.4623868
354 95 0.3069328
356 96 0.5660228
358 98 0.4882958
361 98 0.2810238
363 100 0.4882958
365 100 0.4364778
368 100 0.4623868
370 101 0.5142048
372 102 0.3846598
376 104 0.4623868
378 104 0.3846598
380 104 0.5919318
383 106 0.5142048
385 106 0.2551148
387 107 0.4364778
390 109 0.3069328
392 109 0.5919318
394 109 0.4882958
397 111 0.2810238
399 112 0.4623868
401 113 0.3328418
404 114 0.4105688
406 114 0.5142048
408 115 0.3846598
411 116 0.3587508
413 117 0.4882958
415 118 0.4623868
419 118 0.1514788
421 119 0.4623868
424 119 0.4623868
426 121 0.3587508
428 121 0.5660228
431 121 0.3587508
433 122 0.1773878
435 123 0.5401138
438 124 0.4105688
440 125 0.5660228
442 126 0.4105688
445 127 0.2551148
447 127 0.5660228
449 127 0.3846598
452 128 0.5660228
454 129 0.4623868
456 130 0.2032968
460 130 0.5919318
462 131 0.3587508
464 132 0.5919318
467 133 0.4623868
469 134 0.2292058
471 134 0.5660228
474 135 0.4105688
476 136 0.3328418
478 136 0.4105688
481 137 0.3069328
483 138 0.3587508
485 139 0.2551148
488 140 0.1514788
490 141 0.0737518
492 142 0.1255698
495 142 0.0219338
497 143 0.0737518
499 143 0.0996608
503 144 0.0737518
505 145 -0.0039752
507 145 0.0219338
510 146 0.0219338
512 146 0.0478428
514 147 0.0219338
517 148 0.0996608
519 149 0.0478428
521 149 1.5764738
524 149 0.9028398
526 150 1.3432928
528 150 1.7319278
531 150 0.5660228
533 152 1.9132908
535 150 2.0428358
538 151 1.9391998
540 151 2.5610158
542 151 3.1051048
546 152 2.4573798
548 151 1.8614728
550 154 1.4469288
553 153 0.7473858
555 154 0.5142048
558 154 0.2551148
560 154 0.1514788
562 154 0.3069328
565 154 0.0737518
567 153 0.1255698
569 153 0.0737518
572 153 0.0478428
574 153 0.1255698
576 153 0.1255698
579 153 0.3587508
581 152 0.1514788
583 152 0.4105688
586 151 0.5919318
589 151 0.4882958
591 152 0.4364778
594 152 0.1255698
596 152 0.1255698
598 152 0.0737518
601 152 0.0219338
603 153 0.0478428
605 153 0.0219338
608 153 0.0737518
610 153 0.0478428
