0 151 0.2292058
8 151 0.4105688
16 150 0.4882958
24 151 0.7473858
33 152 0.0737518
41 152 0.1255698
49 152 0.0478428
58 152 0.0219338
66 151 0.0219338
75 151 0.1255698
83 150 0.3328418
91 150 0.3328418
99 150 0.1255698
108 150 0.0996608
117 149 0.0478428
125 149 0.2032968
133 148 0.0737518
141 147 0.0996608
149 146 0.0219338
158 145 0.8510218
167 145 1.1619298
175 145 0.0996608
183 144 0.0996608
191 145 0.0737518
200 144 0.0478428
208 144 0.0478428
216 144 0.0737518
225 143 0.0996608
233 142 0.0737518
242 142 0.2551148
250 142 0.5142048
258 141 0.0737518
266 140 0.1255698
275 140 0.0478428
284 140 0.6178408
292 139 0.4105688
300 139 0.0737518
308 138 0.1773878
316 138 0.0996608
325 137 0.0996608
334 137 0.0219338
342 137 0.0737518
350 137 0.0478428
358 136 0.0737518
367 135 0.0996608
375 135 0.0219338
383 135 0.2032968
392 134 0.3069328
400 134 0.0996608
408 134 0.1255698
417 134 0.0737518
425 133 0.1255698
433 133 0.0737518
442 132 0.0478428
450 132 0.1255698
459 131 0.2292058
467 130 0.2810238
475 130 0.0478428
483 130 0.2032968
491 129 0.0219338
501 129 0.2292058
509 128 0.0996608
517 128 0.0737518
525 128 0.1773878
533 128 0.1255698
542 127 0.0737518
551 127 0.0478428
559 127 0.0737518
567 126 0.1255698
575 125 0.0219338
584 124 0.4105688
592 123 0.0478428
600 120 1.2396568
609 121 1.2396568
617 121 0.3328418
626 121 0.3846598
634 121 0.0478428
642 121 0.0737518
650 121 0.0478428
658 121 0.0478428
668 121 0.0996608
676 121 0.0737518
684 121 0.0737518
692 121 0.0996608
700 121 0.0996608
709 120 0.0478428
717 119 0.0478428
726 118 0.1773878
734 118 0.0478428
742 117 0.1773878
751 116 0.0737518
759 115 0.3846598
767 115 0.0737518
776 115 0.0737518
784 114 0.2810238
792 114 0.0478428
801 114 0.0478428
809 113 0.0737518
817 113 0.0219338
825 112 0.1255698
834 112 0.0219338
843 112 0.4882958
851 110 0.0478428
859 109 0.3069328
867 109 0.1255698
875 110 0.0478428
884 109 0.0996608
893 110 0.0478428
901 110 0.0478428
909 109 0.1255698
917 109 0.0737518
926 108 0.0478428
934 108 0.2292058
943 106 0.9028398
951 107 0.1514788
959 106 0.0478428
968 103 0.3328418
976 104 0.7732948
984 104 0.2551148
992 104 0.0219338
1001 104 0.0737518
1010 103 0.0737518
1018 102 0.2551148
1026 102 0.2292058
1034 102 0.1255698
1042 102 0.4105688
1051 101 0.0737518
1060 101 0.0996608
1068 101 0.0478428
1076 101 0.0737518
1084 100 0.0478428
1093 100 0.0478428
1101 100 0.0737518
1110 99 0.1255698
1118 98 0.0478428
1126 98 0.1773878
1135 97 0.0478428
1143 96 0.2810238
1151 95 1.3692018
1159 95 0.0996608
1168 95 0.1255698
1176 95 0.0478428
1185 95 0.0996608
1193 94 0.0478428
1201 94 0.1255698
1209 93 0.2292058
1217 93 0.0478428
1227 93 0.0478428
1235 93 0.0737518
1243 92 0.2032968
1251 91 0.3846598
1259 91 0.2551148
1268 91 0.2551148
1277 90 0.0478428
1285 90 0.0996608
1293 90 0.0478428
1301 89 0.0478428
1310 89 0.0737518
1318 89 0.0478428
1326 89 0.0478428
1335 88 0.0996608
1343 87 0.5660228
1352 86 0.9805668
1360 84 1.1360208
1368 83 1.8355638
1376 84 0.0219338
1384 84 0.3846598
1394 84 0.0478428
1402 84 0.0219338
1410 84 0.0737518
1418 84 0.0478428
1426 84 0.0737518
1435 84 0.3069328
1443 83 0.1255698
1452 83 0.0219338
1460 82 0.0737518
1468 82 0.1255698
1477 80 0.1773878
1485 78 0.3328418
1493 79 0.1514788
1502 78 0.3328418
1510 78 0.2032968
1519 77 0.5660228
1527 75 0.6696588
1535 76 0.1514788
1543 75 0.2032968
1551 75 0.0478428
1560 75 0.0996608
1569 75 0.0478428
1577 75 0.0996608
1585 75 0.0737518
1593 75 0.1255698
1601 74 0.0737518
1610 74 0.1773878
1619 74 0.0737518
1627 74 0.0737518
1635 73 0.0737518
1643 70 0.3069328
1652 71 0.0737518
1660 71 0.0737518
1669 71 0.1255698
1677 70 0.0737518
1685 69 0.1255698
1694 69 0.0996608
1702 68 0.2810238
1710 68 0.7214768
1718 68 0.2032968
1727 67 0.3328418
1736 67 0.0737518
1744 66 0.2032968
1752 66 0.0737518
1760 66 0.1255698
1768 65 0.0737518
1777 65 0.0996608
1786 65 0.0478428
1794 65 0.1514788
1802 65 0.0478428
1810 64 0.1255698
1819 64 0.0737518
1827 63 0.3328418
1836 62 0.0478428
1844 60 0.4364778
1852 61 0.0737518
1861 60 0.6178408
1869 60 0.2292058
1877 60 0.0737518
1885 59 0.3069328
1894 59 0.0737518
1903 59 0.1773878
1911 59 0.0219338
1919 59 0.0737518
1927 58 0.0478428
1935 58 0.0219338
1943 56 0.1514788
1953 56 0.0996608
1961 55 0.0737518
1969 55 0.3587508
1977 54 0.1514788
1985 54 0.5660228
1994 54 0.0219338
2003 53 0.0737518
2011 53 0.0737518
2019 53 0.0996608
2027 53 0.0737518
2036 53 0.0478428
2044 52 0.0737518
2052 52 0.0996608
2061 51 0.0478428
2069 51 0.2551148
2078 50 0.0737518
2086 50 0.2292058
2094 50 0.0478428
2102 49 0.0737518
2110 47 0.2292058
2120 48 0.0996608
2128 47 0.2551148
2136 47 0.0478428
2144 47 0.1255698
2152 46 0.1255698
2161 46 0.0737518
2170 45 0.0996608
2178 45 0.0737518
2186 44 0.4364778
2194 44 0.0478428
2203 44 0.1514788
2211 42 0.3328418
2219 42 0.0996608
2228 43 0.0478428
2236 42 0.0478428
2245 42 0.0737518
2253 42 0.0478428
2261 42 0.0996608
2269 41 0.1514788
2277 41 0.0996608
2287 40 0.0737518
2295 40 0.0478428
2303 38 0.3328418
2311 37 0.2810238
2319 36 0.2292058
2327 36 0.3846598
2336 36 0.0478428
2345 36 0.5919318
2353 36 0.0478428
2361 36 0.0737518
2369 36 0.0737518
2378 35 0.0219338
2386 35 0.3069328
2395 34 0.0478428
2403 34 0.0737518
2411 34 0.0737518
2420 33 0.0996608
2428 33 0.2032968
2436 32 0.0737518
2444 32 0.3328418
2453 31 0.0478428
2462 31 0.0478428
2470 30 0.0737518
2478 28 0.1773878
2486 27 0.6955678
2494 28 0.2032968
2503 28 0.4364778
2512 28 0.2551148
2520 28 0.0737518
2528 28 0.0219338
2536 27 0.0478428
2545 27 0.2032968
2553 26 0.0478428
2562 25 0.2032968
2570 25 0.2551148
2578 25 0.0478428
2587 25 0.1255698
2595 25 0.0219338
2603 24 0.1514788
2611 24 0.0737518
2620 23 0.0996608
2629 23 0.0478428
2637 23 0.0737518
2645 22 0.2032968
2653 21 0.0219338
2661 20 0.6178408
2669 20 0.2292058
2679 19 0.0996608
2687 18 0.1255698
2695 18 0.0219338
2703 17 0.3328418
2711 17 0.0219338
2720 17 0.3069328
2729 17 0.2032968
2737 16 0.0737518
2745 16 0.2032968
2753 16 0.0478428
2762 16 0.0478428
2770 16 0.0737518
2778 15 0.0478428
2787 15 0.0478428
2795 14 0.0737518
2804 14 0.6178408
2812 13 0.0478428
2820 13 0.2810238
2828 12 0.1255698
2836 12 0.0737518
2846 12 0.0478428
2854 12 0.1255698
2862 12 0.0737518
2870 11 0.0478428
2878 10 0.1514788
2887 9 0.3328418
2896 9 0.0478428
2904 8 0.1773878
2912 8 0.0219338
2920 8 0.1773878
2929 7 0.2032968
2937 7 0.1514788
2945 6 0.0478428
2954 6 0.1514788
2962 6 0.1255698
2971 6 0.1255698
2979 5 0.0478428
2987 5 0.0996608
2995 4 0.1514788
3003 3 0.1773878
3013 2 0.5660228
3021 1 0.3069328
3029 1 0.0737518
3037 1 0.0478428
3045 1 0.4623868
3053 1 0.2810238
3062 1 0.0219338
3071 0 0.0478428
3079 0 0.0737518
3087 0 0.0478428
3095 0 0.0737518
