0 153 0.0737518
9 152 0.1255698
17 152 0.1514788
25 153 0.1255698
33 153 0.0478428
42 153 0.0737518
51 153 0.1773878
59 152 0.0737518
67 152 0.1514788
75 152 0.0478428
83 152 0.0478428
91 151 0.2292058
101 150 0.2032968
109 150 0.0996608
117 150 0.2551148
125 149 0.0996608
133 149 0.0737518
142 149 0.0996608
151 148 0.2551148
159 147 0.0996608
167 145 0.2292058
175 145 0.7473858
184 145 0.2810238
192 145 0.0219338
200 145 0.0737518
209 145 0.3069328
217 145 0.2032968
226 145 0.1255698
234 145 0.5142048
242 144 0.0996608
250 142 0.2292058
258 142 0.0737518
268 141 0.7732948
276 141 0.0737518
284 139 0.1773878
292 140 0.0737518
300 140 0.0478428
309 139 0.3328418
318 140 0.0996608
326 139 0.1514788
334 139 0.0478428
342 138 0.0737518
351 137 0.1773878
359 137 0.3846598
367 136 0.1255698
376 135 0.0996608
384 135 0.2810238
393 135 0.0737518
401 135 0.0737518
409 135 0.0478428
417 135 0.0996608
425 135 0.0996608
435 134 0.0996608
443 134 0.0996608
451 133 0.3328418
459 132 0.0996608
467 131 0.4364778
475 131 0.4364778
485 130 0.1514788
493 130 0.0996608
501 130 0.0737518
509 130 0.1255698
517 130 0.0737518
526 129 0.1255698
534 129 0.0737518
543 128 0.0478428
551 127 0.0737518
559 126 0.0996608
568 127 0.2810238
576 125 0.2810238
584 124 0.2032968
592 125 0.0478428
601 125 0.0996608
610 124 0.1514788
618 124 0.2551148
626 123 -0.0039752
634 121 0.0996608
642 121 0.4364778
652 121 0.0478428
660 121 0.0737518
668 121 0.0737518
676 121 0.0737518
684 121 0.0737518
693 121 0.0737518
701 121 0.1773878
710 121 0.0737518
718 120 0.0996608
726 120 0.1255698
735 119 0.3846598
743 118 0.3587508
751 117 0.2810238
759 117 0.3069328
768 116 0.2292058
777 115 0.0996608
785 116 0.0478428
793 115 0.0737518
801 115 0.0737518
809 115 0.3587508
819 115 0.0478428
827 114 0.0737518
835 113 0.0478428
843 112 0.0737518
851 111 0.0737518
859 110 0.7214768
868 109 0.3328418
877 110 0.0996608
885 110 0.0737518
893 110 0.0737518
901 110 0.0737518
910 110 0.3846598
918 110 0.6178408
926 110 0.0996608
935 109 0.2032968
943 108 0.0478428
952 106 0.8251128
960 106 0.3846598
968 106 0.0737518
976 106 0.0478428
985 105 0.0737518
994 104 0.1255698
1002 104 0.0737518
1010 104 0.2032968
1018 104 0.0478428
1026 104 0.0996608
1035 104 0.1514788
1044 104 0.1255698
1052 103 0.3846598
1060 102 0.5142048
1068 101 0.0996608
1077 101 0.0478428
1085 100 0.0737518
1093 100 0.0737518
1102 100 0.0219338
1110 100 0.2292058
1119 99 0.0478428
1127 98 0.0478428
1135 98 0.5142048
1143 97 0.1255698
1152 96 0.0996608
1161 95 0.7992038
1169 95 0.2292058
1177 95 0.0737518
1185 95 0.0737518
1193 95 0.2551148
1201 95 0.1773878
1211 95 0.1773878
1219 95 0.1514788
1227 93 0.1514788
1235 93 0.1773878
1243 91 0.1773878
1252 91 0.2810238
1260 90 1.1101118
1269 90 0.0996608
1277 90 0.0478428
1285 91 0.0478428
1294 91 0.3587508
1302 91 0.1255698
1310 90 0.2810238
1319 90 0.2551148
1327 89 0.3587508
1336 89 0.0996608
1344 88 0.0737518
1352 87 0.5401138
1360 86 0.6955678
1368 85 0.0996608
1378 85 0.4623868
1386 85 0.1773878
1394 85 0.0478428
1402 85 0.1514788
1410 85 0.4105688
1419 85 0.6696588
1427 84 0.0478428
1436 84 0.1514788
1444 83 0.0219338
1452 82 0.1255698
1461 81 0.0996608
1469 80 0.1773878
1477 80 1.0064758
1485 79 0.1773878
1494 79 0.0737518
1503 79 0.0478428
1511 79 0.1255698
1519 79 0.0737518
1527 79 0.0219338
1535 78 0.1773878
1545 78 0.0996608
1553 76 0.1773878
1561 74 0.9287488
1569 74 0.3328418
1577 75 0.0478428
1585 75 0.0737518
1594 75 0.0478428
1603 75 0.1255698
1611 75 0.2810238
1619 74 0.1514788
1627 74 0.0478428
1636 74 0.0737518
1644 73 0.0219338
1652 72 0.1514788
1661 70 0.4623868
1669 71 0.1255698
1678 71 0.0737518
1686 71 0.0478428
1694 70 0.0737518
1702 70 0.0996608
1711 70 0.2032968
1720 69 0.0478428
1728 68 0.0737518
1736 67 0.6437498
1744 66 1.1878388
1752 66 0.0737518
1761 65 0.2032968
1770 66 0.0996608
1778 66 0.1514788
1786 66 0.3069328
1794 66 0.3069328
1803 66 0.3587508
1811 64 0.2032968
1819 64 0.0737518
1828 64 0.1514788
1836 63 0.1773878
1845 62 0.1773878
1853 61 0.0996608
1861 60 1.2914748
1869 60 0.0737518
1878 60 0.0219338
1887 60 0.0996608
1895 60 0.0737518
1903 60 0.0737518
1911 60 0.0996608
1919 60 0.2032968
1928 59 0.6696588
1937 59 0.0996608
1945 59 0.0478428
1953 57 0.0478428
1961 56 0.6696588
1969 55 0.0996608
1978 55 0.3069328
1986 55 0.0996608
1995 55 0.0996608
2003 55 0.0219338
2011 54 0.0737518
2020 54 0.0996608
2028 53 0.2032968
2036 53 0.0737518
2045 52 0.0737518
2053 52 0.0737518
2062 51 0.0737518
2070 51 0.0996608
2078 51 0.0219338
2086 50 0.1514788
2094 50 0.0478428
2104 49 0.0996608
2112 49 0.0737518
2120 48 0.4105688
2128 48 0.3587508
2136 48 0.1773878
2145 47 0.0737518
2153 47 0.0737518
2162 47 0.0478428
2170 47 0.0478428
2178 46 0.0996608
2187 45 0.0478428
2195 44 0.1773878
2203 44 0.2551148
2212 43 0.1255698
2220 42 1.0582938
2229 42 0.0996608
2237 43 0.1255698
2245 42 0.0737518
2253 43 0.1255698
2261 43 0.2292058
2271 42 0.2810238
2279 42 0.4364778
2287 42 0.1514788
2295 41 0.0219338
2303 40 0.0996608
2312 39 0.2032968
2320 38 0.4105688
2329 36 0.1773878
2337 37 0.4364778
2345 36 0.2810238
2353 36 0.0737518
2362 36 0.1773878
2370 36 0.1255698
2378 36 0.2551148
2387 36 0.1255698
2395 35 0.0478428
2404 34 0.0737518
2412 34 0.1773878
2420 34 0.0737518
2428 33 0.0737518
2437 32 0.1255698
2446 32 0.0737518
2454 32 0.2032968
2462 31 0.0996608
2470 31 0.1255698
2478 31 0.0478428
2487 30 0.0737518
2496 29 0.7992038
2504 27 0.2292058
2512 28 0.0737518
2520 28 0.0737518
2529 28 0.1255698
2537 28 0.3069328
2545 28 0.0996608
2554 28 0.5660228
2562 28 0.0996608
2571 26 0.1773878
2579 25 0.3069328
2587 25 1.0064758
2595 25 0.0219338
2604 24 0.1514788
2613 23 0.0737518
2621 24 0.0737518
2629 24 0.2551148
2637 24 0.3328418
2645 23 0.0737518
2654 23 0.1773878
2663 22 0.0478428
2671 21 0.3587508
2679 20 0.5919318
2687 20 -0.1853382
2696 19 0.0737518
2704 18 0.7214768
2712 18 0.0478428
2721 18 0.0737518
2729 18 0.1255698
2737 17 0.0996608
2746 18 0.1773878
2754 17 0.0478428
2762 16 0.2032968
2771 16 0.3328418
2779 15 0.0737518
2788 15 0.0996608
2796 14 0.1255698
2804 13 0.4623868
2812 14 0.0996608
2820 13 0.0737518
2830 13 0.0737518
2838 13 0.0996608
2846 13 0.0478428
2854 12 0.1255698
2862 12 0.0996608
2871 12 0.0478428
2879 11 0.0737518
2888 10 0.1773878
2896 10 0.2551148
2904 9 0.1773878
2913 9 0.1255698
2921 9 0.0996608
2929 8 0.0478428
2938 8 0.0737518
2946 8 0.0219338
2955 7 0.1255698
2963 6 0.1514788
2971 6 0.0737518
2979 6 0.0996608
2987 5 0.0478428
2997 5 0.0996608
3005 5 0.2292058
3013 5 0.4364778
3021 4 0.0737518
3029 4 0.0478428
3038 2 0.2551148
3046 1 1.2137478
3055 1 0.0996608
3063 0 0.2032968
3071 0 0.0478428
3080 0 0.0996608
3088 0 0.0737518
3096 0 0.0478428
3105 0 0.0996608
3113 0 0.3069328
3121 0 0.0996608
