0 -3 1.1360208
2 -4 0.7732948
5 -4 1.1101118
7 -4 0.7732948
9 -4 0.9287488
12 -4 1.0323848
14 -4 0.7214768
16 -5 2.0169268
19 -5 2.4055618
21 -5 2.4055618
24 -5 2.4314708
27 -5 2.3796528
29 -5 2.5091978
31 -5 2.4832888
34 -5 2.4573798
36 -5 2.2760168
38 -5 2.3796528
41 -5 1.8873818
43 -5 2.3019258
45 -4 1.4987468
48 -5 2.3796528
50 -4 1.6801098
52 -5 2.3278348
55 -4 2.0169268
57 -4 2.3019258
59 -4 2.1464718
62 -4 2.4314708
64 -4 2.2760168
67 -3 1.7319278
70 -4 2.2501078
72 -3 2.1982898
75 -3 1.4728378
77 -3 2.3019258
79 -3 2.0687448
82 -3 1.9651088
84 -2 1.3432928
86 -2 2.3019258
89 -2 2.2241988
91 -2 2.1982898
93 -2 2.0428358
96 -2 1.9910178
98 -2 1.9910178
100 -2 1.9910178
103 -1 1.9391998
105 -1 2.0946538
107 -1 2.1205628
111 0 2.1205628
113 0 1.3432928
115 0 1.6801098
118 0 1.8614728
120 0 1.9910178
122 0 1.7837458
