0 -2 0.0737518
3 -2 0.1773878
5 -2 0.0737518
7 -2 1.0582938
11 -4 3.0014688
13 -4 3.0014688
15 -4 2.7941968
18 -3 1.7578368
20 -4 2.8201058
22 -4 2.6646518
25 -4 2.6905608
27 -3 1.4469288
29 -3 1.9910178
32 -3 2.3537438
34 -2 1.7060188
36 -2 2.3019258
39 -2 1.7578368
41 -1 1.3692018
43 -1 2.2241988
46 -1 1.8873818
48 0 1.7060188
50 0 1.6282918
54 0 1.5505648
56 0 1.6282918
58 1 1.7060188
61 2 1.1101118
63 2 1.2914748
66 3 1.4469288
68 4 1.1619298
70 4 1.1360208
73 5 1.1101118
75 6 0.9546578
77 6 0.7992038
80 7 0.8769308
82 7 1.0323848
84 8 1.0064758
87 8 0.9028398
89 9 0.6178408
91 10 0.6955678
95 11 0.6955678
97 11 0.8251128
99 12 0.8510218
102 12 0.8769308
104 13 0.8510218
106 14 0.6437498
109 15 0.6178408
111 15 0.7473858
113 15 0.7214768
116 16 0.8510218
118 17 0.5660228
120 19 0.5919318
123 19 0.7732948
125 20 0.7732948
127 21 0.5401138
130 21 0.6696588
132 22 0.7473858
134 23 0.4105688
138 24 0.6696588
140 24 0.6437498
142 24 0.4882958
145 25 0.6696588
147 26 0.4882958
149 27 0.6437498
152 28 0.3069328
154 29 0.5919318
156 30 0.4623868
159 31 0.5401138
161 31 0.5401138
163 32 0.5919318
166 33 0.4623868
168 34 0.4882958
170 34 0.4623868
173 35 0.4364778
175 36 0.5142048
177 37 0.3328418
181 38 0.4364778
183 39 0.3328418
185 40 0.5660228
188 41 0.3328418
190 41 0.6696588
192 42 0.2292058
195 42 0.6178408
197 42 0.4623868
199 43 0.5142048
202 44 0.5142048
204 45 0.6178408
206 46 0.4882958
209 47 0.5401138
211 48 0.4364778
214 49 0.4364778
216 50 0.5142048
218 51 0.3587508
222 51 0.5142048
224 52 0.3846598
226 53 0.5660228
229 53 0.4623868
231 55 0.3328418
233 56 0.4882958
236 56 0.3328418
238 58 0.5919318
240 59 0.3846598
243 59 0.6437498
245 59 0.4105688
247 60 0.5919318
250 61 0.5401138
252 62 0.3328418
254 63 0.5401138
257 64 0.2032968
259 64 0.6178408
261 65 0.4882958
265 66 0.5401138
267 67 0.5142048
269 68 0.5660228
272 69 0.4882958
274 70 0.3846598
276 71 0.4882958
279 71 0.4882958
281 72 0.3069328
283 73 0.4623868
286 74 0.4364778
288 74 0.5142048
290 75 0.5401138
293 75 0.2032968
295 77 0.5142048
297 78 0.4364778
300 78 0.5401138
302 79 0.5142048
304 80 0.5142048
308 81 0.5401138
310 82 0.3328418
312 83 0.5401138
315 83 0.4623868
317 83 0.5401138
319 85 0.3846598
322 86 0.4882958
324 87 0.4105688
326 88 0.5401138
329 88 0.4623868
331 89 0.3587508
333 90 0.4364778
336 91 0.3069328
338 92 0.6178408
340 93 0.4105688
343 93 0.4623868
345 95 0.3587508
347 95 0.2810238
351 96 0.5401138
353 98 0.4105688
356 98 0.6178408
358 100 0.4105688
360 100 0.5401138
363 100 0.5660228
365 101 0.3069328
367 102 0.5660228
370 103 0.2810238
372 104 0.5919318
374 104 0.4364778
377 105 0.5142048
379 106 0.4623868
381 107 0.5401138
384 108 0.4623868
386 109 0.5142048
388 110 0.3587508
391 110 0.5142048
394 111 0.4364778
396 112 0.3328418
399 113 0.4882958
401 114 0.3846598
403 115 0.5919318
406 115 0.4623868
408 116 0.2551148
410 117 0.4364778
413 118 0.3846598
415 118 0.5660228
417 119 0.4882958
420 120 0.3069328
422 121 0.4364778
424 121 0.3587508
427 121 0.6178408
429 122 0.4105688
431 123 0.6178408
434 125 0.4105688
437 125 0.3069328
439 126 0.5919318
442 127 0.3069328
444 127 0.5660228
446 128 0.3328418
449 128 0.5919318
451 129 0.4882958
453 130 0.5660228
456 130 0.4364778
458 131 0.5660228
460 132 0.4882958
463 133 0.4364778
465 134 0.5142048
467 134 0.3846598
470 134 0.5142048
472 136 0.3846598
474 137 0.4882958
478 137 0.4623868
480 138 0.3069328
482 139 0.5142048
485 140 0.3846598
487 141 0.0478428
489 142 0.0219338
492 142 0.0737518
494 142 0.0478428
496 143 0.0737518
499 144 0.0996608
501 145 0.0478428
504 145 0.0737518
506 145 0.0478428
508 146 0.0478428
511 147 0.0478428
513 148 0.0478428
515 149 0.7214768
518 149 0.4364778
521 149 0.6955678
523 150 0.8251128
526 149 1.1878388
528 151 1.7837458
530 150 0.4364778
533 152 1.7319278
535 151 0.7214768
537 151 2.0687448
540 153 2.7164698
542 151 1.9132908
544 151 2.5610158
547 152 0.6696588
549 154 1.4469288
551 153 0.1514788
554 154 0.3069328
556 154 0.0478428
558 154 0.1255698
561 154 0.0737518
564 154 0.0737518
566 153 0.0737518
569 153 0.0478428
571 153 0.0996608
573 153 0.0478428
576 153 0.1255698
578 153 0.0737518
580 152 0.4882958
583 152 0.1255698
585 152 0.7214768
587 151 0.2032968
590 152 0.2292058
592 152 0.0737518
594 152 0.0737518
597 152 0.0737518
599 153 0.1255698
601 153 0.0219338
604 153 0.0478428
607 153 0.1514788
