0 -1 0.1773878
3 -1 0.0996608
5 -1 0.2032968
7 -1 0.0737518
10 -1 0.1773878
12 -1 0.0478428
14 -1 0.0996608
17 -1 0.1514788
19 -1 0.0996608
21 -3 1.9651088
24 -4 2.8719238
26 -4 2.8201058
28 -4 2.6646518
31 -4 2.7941968
33 -4 2.7164698
35 -3 2.4573798
39 -3 2.3019258
41 -2 2.3796528
44 -2 2.4573798
46 -2 2.6128338
48 -1 1.6542008
51 -2 2.0169268
53 -2 2.4314708
55 -1 1.7060188
58 -1 2.1982898
60 0 1.4987468
62 0 2.0169268
65 0 1.4469288
67 0 2.0428358
69 0 1.5505648
72 0 2.1464718
74 1 1.7837458
76 2 1.3692018
79 2 1.7319278
82 3 1.8614728
84 3 1.6801098
87 4 1.5764738
89 4 1.5764738
91 4 1.6542008
94 6 1.0064758
96 6 1.2396568
98 6 1.3951108
101 7 1.0582938
103 7 1.3173838
105 8 1.0842028
108 9 0.8510218
110 9 1.2137478
112 9 1.1101118
115 10 1.0064758
117 11 0.7992038
119 11 1.1878388
122 12 1.0842028
125 12 1.0064758
127 13 0.8251128
130 13 1.2137478
132 14 1.0582938
134 15 0.9805668
137 15 0.8769308
139 15 0.9546578
141 16 1.0842028
144 17 0.9805668
146 18 0.9287488
148 19 0.8251128
151 19 1.0842028
153 20 1.0842028
155 21 1.0064758
158 21 0.9546578
160 23 0.8251128
162 23 0.7473858
165 23 0.7214768
168 24 0.6696588
170 24 0.7214768
173 24 0.7473858
175 25 0.7732948
177 26 0.7992038
180 27 0.8510218
182 28 0.8510218
184 28 0.8769308
187 30 0.5660228
189 31 0.6178408
192 31 0.7214768
194 31 0.8251128
196 32 0.7992038
199 33 0.8769308
201 34 0.5660228
203 34 0.5919318
206 35 0.7992038
209 36 0.7214768
211 37 0.8769308
214 38 0.8251128
216 38 0.5919318
218 39 0.6437498
221 40 0.6696588
223 40 0.7473858
225 41 0.7992038
228 41 0.8510218
230 42 0.7732948
232 42 0.5142048
235 43 0.6696588
237 44 0.7473858
239 44 0.7732948
242 46 0.8251128
244 46 0.4364778
246 47 0.6955678
249 48 0.6955678
252 49 0.7992038
254 50 0.7732948
257 51 0.5401138
259 51 0.6437498
261 51 0.7473858
264 52 0.7992038
266 53 0.4882958
268 54 0.6437498
271 55 0.7473858
273 56 0.7992038
275 56 0.7992038
278 58 0.6437498
280 59 0.6955678
282 59 0.7992038
285 59 0.8251128
287 59 0.8251128
289 60 0.5919318
292 61 0.6955678
295 62 0.7732948
297 63 0.8510218
300 63 0.7214768
302 64 0.5919318
304 65 0.6696588
307 66 0.7214768
309 66 0.7992038
311 67 0.7214768
314 68 0.6437498
316 69 0.6178408
318 70 0.7732948
321 71 0.5142048
323 71 0.5142048
325 72 0.6955678
328 73 0.7992038
330 74 0.5919318
332 74 0.6178408
335 74 0.7732948
338 75 0.7214768
341 76 0.6178408
343 77 0.7214768
345 78 0.7732948
348 78 0.7214768
350 80 0.5401138
352 80 0.7473858
355 81 0.7473858
357 82 0.8510218
359 82 0.5660228
362 83 0.6437498
364 83 0.7214768
366 84 0.8251128
369 86 0.8251128
371 86 0.5919318
373 88 0.5919318
376 88 0.7473858
378 88 0.7732948
381 89 0.4882958
384 90 0.6437498
386 91 0.6955678
388 91 0.7992038
391 93 0.4623868
393 93 0.6696588
395 94 0.6955678
398 95 0.7732948
400 95 0.5401138
402 96 0.6696588
405 97 0.6696588
407 98 0.8251128
409 99 0.5660228
412 100 0.6696588
414 100 0.7473858
416 100 0.7992038
419 102 0.8510218
421 102 0.6178408
424 104 0.6178408
427 104 0.6696588
429 104 0.7732948
431 105 0.7992038
434 106 0.7732948
436 106 0.4364778
438 108 0.7214768
441 108 0.6696588
443 109 0.8251128
445 109 0.5142048
448 110 0.6955678
450 112 0.7473858
452 112 0.7992038
455 113 0.5401138
457 114 0.5919318
459 114 0.7473858
462 115 0.7732948
465 116 0.5401138
467 117 0.5660228
470 117 0.7473858
472 118 0.7214768
474 119 0.6178408
477 119 0.6955678
479 120 0.7214768
482 120 0.5660228
484 121 0.5919318
486 121 0.7473858
489 122 0.7214768
491 123 0.8510218
493 123 0.4105688
496 125 0.6696588
498 125 0.6437498
500 126 0.7992038
503 127 0.7732948
505 127 0.9028398
508 127 0.5919318
511 128 0.6955678
513 128 0.7214768
515 129 0.7732948
518 130 0.8251128
520 130 0.8251128
522 131 0.5919318
525 132 0.6178408
527 132 0.7214768
529 133 0.7473858
532 134 0.8769308
534 135 0.4105688
536 135 0.6955678
539 136 0.6696588
541 136 0.7992038
543 137 0.5660228
546 138 0.6696588
548 139 0.6178408
551 140 0.4623868
554 141 0.3328418
556 142 0.0737518
558 142 0.0478428
561 142 0.0996608
563 143 0.0737518
565 144 0.0737518
568 144 0.1255698
570 145 0.0478428
572 145 0.0737518
575 145 0.0737518
577 146 0.0737518
579 147 0.0478428
582 147 0.1255698
584 148 0.1255698
586 149 0.1773878
589 149 0.4105688
591 149 0.4364778
594 150 0.6696588
597 150 0.3846598
599 151 0.5660228
601 150 0.4105688
604 151 0.1514788
606 152 0.4623868
608 151 0.5401138
611 152 1.5764738
613 151 0.4364778
615 153 1.2655658
618 152 0.6955678
620 152 0.4105688
622 153 0.7473858
625 153 0.1514788
627 153 0.3846598
629 153 0.0996608
632 153 0.0478428
634 153 0.0478428
638 153 0.0478428
640 153 0.0737518
