0 153 0.6696588
2 151 0.2032968
4 153 0.4105688
7 152 0.7214768
9 152 0.4882958
11 152 0.1255698
13 152 0.2810238
16 152 0.6437498
18 152 0.0996608
20 152 0.1773878
23 153 0.2292058
25 152 0.2551148
27 152 0.2810238
29 151 0.0996608
32 152 0.0737518
34 152 0.0737518
37 152 0.4364778
40 151 0.9287488
42 151 0.9805668
44 152 1.0064758
47 151 0.8251128
49 151 0.3587508
51 150 0.3587508
53 151 0.0478428
56 150 0.0478428
58 149 1.4728378
60 149 1.9132908
63 149 0.5401138
65 150 0.5401138
67 149 0.2551148
69 149 0.1514788
72 149 0.1514788
74 148 0.1255698
76 147 0.8251128
80 146 1.4469288
82 146 1.3951108
84 147 0.0996608
87 146 0.1255698
89 145 0.0478428
91 145 0.0478428
93 145 0.1773878
96 144 0.0737518
98 143 1.0582938
100 142 1.0323848
103 143 0.1255698
105 142 0.0996608
107 142 0.0219338
109 141 0.0219338
112 141 0.2032968
114 141 0.2551148
116 140 0.4882958
119 138 1.2655658
121 138 1.3432928
124 138 0.0478428
126 138 0.0478428
129 136 0.2292058
131 136 0.4882958
133 136 0.9028398
136 134 0.2810238
138 135 2.3278348
140 134 2.0946538
142 133 1.1360208
145 133 1.0842028
147 133 0.0737518
149 132 0.0219338
152 132 0.3846598
154 131 0.0737518
156 130 0.9805668
159 130 2.0946538
161 131 -0.4444282
163 130 0.6178408
166 129 0.5660228
169 129 0.0478428
171 129 0.0219338
173 128 0.6178408
176 128 0.3069328
178 127 0.0478428
180 127 0.0478428
182 127 0.6178408
185 126 0.8510218
187 127 0.0737518
189 126 0.0737518
192 125 0.0737518
194 125 0.0478428
196 125 0.2292058
198 123 0.2032968
201 123 0.2032968
203 122 0.9028398
205 122 0.9028398
209 120 0.6955678
211 121 1.5246558
213 121 1.1619298
216 119 0.3069328
218 119 0.2032968
220 120 0.3846598
222 119 0.7732948
225 119 1.2914748
227 119 0.0737518
229 119 0.0478428
232 118 0.0478428
234 118 0.0737518
236 117 0.2292058
238 116 0.1514788
241 116 0.3069328
243 115 0.9287488
245 115 -0.2630652
248 115 0.0737518
251 115 0.1255698
253 115 0.3587508
255 114 0.3069328
258 112 0.1773878
260 113 0.3587508
262 112 1.2137478
265 111 1.2137478
267 112 0.0478428
269 112 0.0737518
271 111 0.3069328
274 110 0.2810238
276 108 0.5142048
278 110 1.0842028
281 109 0.4623868
283 108 0.8510218
285 108 0.0478428
288 108 0.0737518
290 107 0.0219338
293 106 0.4623868
295 106 0.0996608
298 106 2.1464718
300 105 1.7319278
302 104 1.5246558
305 103 1.0323848
307 104 0.1773878
309 104 0.2551148
311 104 0.4105688
314 104 0.2551148
316 104 0.0737518
318 103 0.0219338
321 101 1.0582938
323 101 1.1619298
325 102 0.0219338
327 101 0.0996608
330 100 0.2292058
332 100 0.2551148
334 99 0.2032968
338 100 0.1514788
340 100 0.2032968
342 98 1.2914748
345 98 0.9287488
347 98 0.0996608
349 98 0.0996608
351 98 0.2292058
354 97 0.0478428
356 96 0.0219338
358 96 0.0478428
361 95 0.9546578
363 94 1.0842028
365 95 0.0737518
367 94 0.0219338
370 93 0.0478428
372 93 0.1514788
374 93 0.0737518
377 92 0.5660228
380 91 1.1360208
382 90 1.1619298
384 90 1.0323848
387 89 0.2032968
389 89 0.4105688
391 89 0.6437498
394 89 0.5919318
396 87 0.3069328
398 89 0.6178408
400 88 1.0582938
403 88 1.4210198
405 87 0.0996608
407 87 0.0737518
410 87 0.0996608
412 86 0.2551148
414 85 0.0737518
417 85 0.7732948
419 84 0.5401138
422 83 1.3951108
424 83 1.0842028
427 84 0.0478428
429 83 0.0996608
431 83 0.0996608
434 82 0.0478428
436 82 0.0737518
438 81 0.2292058
440 81 0.8769308
443 80 0.9805668
445 80 0.0478428
447 80 0.0737518
450 80 0.0737518
452 79 0.2032968
454 78 0.1255698
456 77 0.1773878
459 78 -0.9107902
461 76 1.4210198
464 75 1.2655658
467 76 0.0737518
469 75 0.0478428
471 73 1.4728378
474 73 1.7837458
476 74 0.9805668
478 74 0.1773878
480 74 1.0842028
483 72 1.2914748
485 74 0.1255698
487 73 0.1255698
490 72 0.0478428
492 72 0.0219338
494 71 0.2551148
496 71 1.5246558
499 72 -0.1335202
501 70 1.3173838
503 69 1.0582938
507 70 0.0737518
509 69 0.0478428
511 68 0.2551148
513 68 0.0478428
516 68 0.6437498
518 67 1.0842028
520 65 1.3692018
523 64 1.3692018
525 65 0.2292058
527 65 0.5919318
529 63 0.5142048
532 63 0.4623868
534 64 0.0478428
536 64 0.0478428
539 63 0.3069328
541 62 0.8510218
543 63 0.8251128
546 62 0.0737518
549 61 0.0996608
551 59 0.1255698
553 60 0.3069328
556 60 1.7578368
558 58 0.8510218
560 59 1.0323848
563 58 0.8769308
565 59 0.0737518
567 59 0.0478428
569 59 0.0478428
572 58 0.0478428
574 58 0.0737518
576 57 0.0478428
579 56 0.5660228
581 55 1.0842028
583 53 1.1878388
585 54 0.9287488
588 53 0.5919318
590 52 0.4364778
593 52 1.1619298
596 52 1.7060188
598 50 0.7732948
600 51 0.8510218
602 50 0.6178408
605 51 0.2032968
607 50 0.3328418
609 50 0.0737518
612 50 0.0996608
614 49 0.3069328
616 49 0.2551148
619 48 0.4623868
621 47 0.9546578
623 46 0.4364778
625 47 0.2292058
628 47 0.3069328
630 45 0.1773878
632 46 0.4105688
636 45 0.2551148
638 45 0.4105688
640 44 0.8510218
642 43 0.9028398
645 44 0.0478428
647 44 0.0478428
649 43 0.2810238
652 42 0.0737518
654 42 0.5142048
656 42 0.8251128
658 42 0.5660228
661 41 0.8769308
663 42 0.5401138
665 42 0.1514788
668 41 0.0996608
670 41 -0.0039752
672 41 0.0478428
675 40 0.0737518
678 40 0.0737518
680 38 1.4469288
682 38 1.4987468
685 39 0.1255698
687 38 0.0478428
689 38 0.0737518
692 37 0.0737518
694 36 0.1773878
696 36 0.4882958
698 34 0.7992038
701 33 1.2655658
703 37 0.2551148
705 33 0.3069328
708 32 0.2810238
710 33 0.1255698
712 32 0.1773878
714 31 0.1255698
717 31 0.2810238
720 30 1.2655658
722 30 0.9805668
725 30 0.0996608
727 29 0.0478428
729 28 0.2032968
731 28 0.6437498
734 28 1.6542008
736 26 0.8251128
738 26 0.4882958
741 26 1.3692018
743 26 0.3587508
745 25 0.8251128
748 24 -0.1594292
750 24 0.3328418
752 25 0.9805668
754 24 0.3069328
757 24 0.0996608
759 23 0.1773878
761 24 0.5142048
765 23 0.9546578
767 23 0.7214768
769 23 0.0478428
771 23 0.0737518
774 23 0.0996608
776 22 0.0478428
778 21 0.0478428
781 21 0.0737518
783 20 0.7992038
785 19 1.1878388
787 20 0.3069328
790 20 0.0737518
792 19 0.0478428
794 19 -0.0039752
797 18 0.0737518
799 17 0.2551148
801 17 0.3587508
803 16 0.6437498
807 15 0.6696588
809 16 0.4364778
811 15 0.7214768
814 15 0.0478428
816 14 0.0478428
818 14 0.1255698
821 14 0.2032968
823 13 1.0582938
825 11 1.1360208
827 12 0.1514788
830 12 0.0478428
832 12 0.0219338
834 12 0.0737518
837 11 0.0478428
839 10 0.0478428
841 9 0.1514788
843 8 1.0064758
846 8 0.8251128
849 8 0.2292058
851 8 0.3846598
854 7 0.0219338
856 6 0.0737518
858 6 0.3846598
860 6 0.5919318
863 5 0.7732948
865 4 0.9287488
867 5 0.0996608
870 5 0.0737518
872 4 0.0219338
874 4 0.0737518
877 3 0.0737518
879 2 0.5660228
881 2 0.3328418
883 1 0.3328418
886 1 0.1773878
888 0 1.3432928
891 0 0.3069328
