0 153 0.0478428
2 152 0.0219338
4 153 0.0478428
7 153 0.0737518
9 153 0.0737518
11 153 0.0737518
14 153 0.0478428
16 152 0.0219338
18 153 0.0478428
20 153 0.0737518
23 152 0.1773878
26 152 0.2032968
28 153 0.4364778
31 152 0.4882958
33 153 0.1773878
35 152 0.0996608
37 152 0.2292058
40 153 0.1255698
42 152 0.1514788
44 150 1.9391998
47 151 1.8614728
49 152 1.5246558
51 151 1.5505648
54 152 0.9546578
56 150 0.4882958
58 151 0.4364778
60 151 0.9546578
63 149 1.7060188
65 149 1.2655658
67 149 0.8510218
71 149 0.2810238
73 149 0.3587508
75 149 0.4105688
77 149 0.1773878
80 148 0.0996608
82 148 0.4623868
84 146 1.2137478
87 145 1.2914748
89 146 0.0737518
91 145 0.0737518
94 145 0.0737518
96 145 0.0996608
98 144 0.0737518
100 144 0.0737518
103 142 1.4469288
105 142 1.4987468
107 143 0.0737518
110 142 0.0996608
113 142 0.0478428
115 142 0.0219338
117 141 0.0478428
120 141 0.0737518
122 140 0.5919318
124 138 1.0323848
127 138 1.2137478
129 138 0.0737518
131 138 0.0737518
133 137 0.1514788
136 137 0.2032968
138 135 0.1514788
140 136 0.2810238
143 134 1.4987468
145 134 1.6542008
147 135 0.0737518
149 134 0.0996608
152 134 0.0996608
155 133 0.0478428
157 133 0.0996608
160 133 0.0478428
162 132 0.7473858
164 130 1.2396568
167 130 1.1101118
169 131 0.0478428
171 130 0.0996608
173 130 0.0996608
176 130 0.0478428
178 129 0.0478428
180 129 0.0219338
183 128 0.1773878
185 128 0.3069328
187 126 1.2914748
189 125 1.5505648
192 127 0.0737518
194 126 0.1255698
197 125 0.0737518
200 125 0.0219338
202 124 0.0996608
204 123 0.4882958
206 123 -0.4185192
209 122 1.2396568
211 121 1.1360208
213 120 1.8614728
216 121 2.1464718
218 119 0.1514788
220 120 0.3328418
223 120 0.4105688
225 120 0.3587508
227 119 1.4210198
229 118 1.0582938
232 119 0.1255698
234 119 0.0996608
236 119 0.0478428
240 118 0.0737518
242 118 0.0219338
244 118 0.0478428
246 117 0.9028398
249 116 1.7319278
251 116 1.6282918
253 117 0.3846598
256 117 0.2810238
258 116 0.0996608
260 116 0.0219338
262 115 0.0737518
265 115 0.0737518
267 113 1.4210198
269 113 1.4210198
272 113 0.0737518
274 113 0.0219338
276 113 0.0996608
278 112 0.0737518
282 111 0.0478428
284 110 0.0478428
286 109 0.7214768
289 109 1.1360208
291 108 1.2655658
293 108 0.0478428
296 108 0.0996608
298 106 0.0996608
300 107 0.2810238
302 106 1.7060188
305 103 0.8251128
307 103 1.8096548
309 102 1.6282918
312 102 0.7992038
314 103 0.7732948
316 103 0.1255698
318 103 0.0478428
321 102 0.0737518
323 102 0.0996608
326 101 0.8510218
329 100 1.3951108
331 102 -0.0298842
333 101 0.0737518
335 100 0.1255698
338 100 0.0996608
340 100 0.0478428
342 100 0.0737518
345 100 0.0737518
347 98 1.8614728
349 98 1.6282918
351 98 0.6437498
354 98 0.4882958
356 98 0.0737518
358 98 0.0737518
361 97 0.0737518
363 96 0.0478428
365 94 1.3173838
369 94 1.7060188
371 97 0.0996608
373 94 0.0737518
375 93 0.0996608
378 93 0.2551148
380 93 0.0737518
382 91 0.3846598
385 91 0.6178408
387 89 1.7060188
389 89 2.0428358
391 90 0.6437498
394 89 0.2292058
396 89 0.0996608
398 89 0.1514788
401 89 0.0478428
403 89 0.0737518
405 87 1.4728378
407 88 1.9910178
411 87 0.2810238
413 88 0.1773878
415 87 0.2032968
418 87 0.0996608
420 87 0.0737518
422 87 0.0219338
425 86 0.0737518
427 85 1.2396568
429 84 1.1619298
431 84 0.0737518
434 84 0.0737518
436 84 0.0478428
438 84 0.0478428
441 83 0.0737518
443 83 0.0478428
445 81 1.0064758
447 80 1.1360208
450 81 0.1773878
453 80 0.0737518
455 80 0.0737518
458 80 0.0478428
460 79 0.0478428
462 78 0.5142048
464 78 -1.1180622
467 76 1.4469288
469 74 1.3692018
471 76 0.2292058
474 75 0.2032968
476 74 1.1360208
478 72 0.6437498
480 73 0.2032968
483 74 0.2810238
485 73 1.5246558
487 72 1.8355638
490 73 0.5401138
492 73 0.6696588
494 72 0.0737518
498 72 0.0478428
500 71 0.0996608
502 71 0.5919318
504 72 -0.4962462
507 69 1.9391998
509 69 1.7060188
511 70 0.2032968
514 70 0.1255698
516 70 0.0996608
518 70 0.0996608
520 69 0.0996608
523 69 0.0737518
525 67 1.1101118
527 67 1.1360208
530 68 0.1773878
532 67 0.1514788
534 66 0.0478428
536 65 0.0219338
540 65 0.2292058
542 63 0.2032968
544 65 -0.1594292
547 63 1.4210198
549 62 1.2137478
551 63 0.0737518
553 62 0.1255698
556 61 0.0737518
558 61 0.0737518
560 59 0.2032968
563 60 0.5660228
565 58 1.5505648
567 58 1.5764738
570 59 0.0478428
572 59 0.0737518
574 59 0.0996608
576 58 0.0478428
579 57 0.0478428
582 56 0.0737518
584 55 0.7473858
587 54 1.4469288
589 54 1.4987468
591 53 0.2032968
593 53 0.4623868
596 53 0.6696588
598 53 0.3587508
600 51 0.3069328
603 51 0.4623868
605 50 1.4210198
607 50 1.2655658
609 51 0.0478428
612 51 0.0996608
614 51 0.0996608
616 50 0.1255698
619 50 0.0737518
621 50 0.0478428
624 49 0.9546578
626 47 1.2396568
629 46 1.1619298
631 48 0.0737518
633 47 0.0996608
636 46 0.0737518
638 46 0.1514788
640 46 0.1514788
643 45 0.2810238
645 43 1.8873818
647 43 1.7060188
649 44 0.0219338
652 44 0.0478428
654 43 0.0219338
656 43 0.0737518
659 42 0.2032968
661 42 0.3069328
663 42 0.8251128
666 41 1.5764738
669 40 0.2292058
671 41 0.0737518
673 41 0.1255698
676 41 0.0996608
678 40 0.0478428
680 40 0.0737518
682 40 0.0996608
685 38 1.1619298
687 38 1.1878388
689 38 0.1514788
692 37 0.0996608
694 37 0.0737518
696 36 0.0737518
698 36 0.0996608
701 35 0.0996608
703 34 0.7214768
705 33 1.1360208
709 38 0.0996608
711 34 0.2292058
713 34 0.3069328
716 33 0.0737518
718 32 0.0478428
720 32 0.1255698
722 31 0.0478428
725 30 1.6282918
727 29 1.5764738
729 30 0.0996608
732 29 0.1255698
734 29 0.2032968
736 28 0.5401138
738 27 0.6955678
741 26 0.4105688
743 26 1.1360208
745 24 2.0687448
748 25 0.1773878
750 25 0.2032968
753 24 0.2032968
755 25 0.4623868
758 25 0.6955678
760 24 0.0478428
762 24 0.0478428
765 24 0.0996608
767 24 0.1514788
769 22 1.6801098
771 22 1.2914748
774 23 0.4105688
776 23 0.4623868
778 23 0.4623868
781 22 0.2551148
783 22 0.1514788
785 21 0.2810238
788 20 1.3692018
790 19 1.5505648
792 21 0.3069328
795 20 0.0996608
798 20 0.0996608
800 20 0.0737518
802 19 0.0996608
805 18 0.0737518
807 18 0.0996608
809 16 1.4210198
811 15 1.3951108
814 16 0.1255698
816 16 0.2810238
818 15 0.5142048
821 15 0.2810238
823 14 0.0737518
825 14 0.0478428
827 12 1.4469288
830 11 1.7319278
832 12 0.0737518
834 13 0.0478428
838 12 0.0996608
840 12 0.0996608
842 12 0.0478428
845 11 0.0996608
847 10 0.0737518
849 8 1.7578368
851 8 1.6542008
854 9 0.0478428
856 9 0.0478428
858 8 0.1255698
861 8 0.0996608
863 8 0.0737518
865 8 0.0737518
867 6 0.9546578
870 6 1.1878388
872 6 0.1255698
874 6 0.0996608
877 5 0.0737518
880 5 0.0478428
882 5 0.0478428
884 4 0.0737518
887 4 0.0737518
889 2 1.1360208
891 1 0.9805668
894 1 0.5142048
896 0 0.2551148
