0 153 0.2292058
3 152 0.4364778
5 152 0.1255698
7 153 0.1773878
10 153 0.3846598
12 153 0.4105688
14 153 0.1255698
16 152 0.0996608
19 153 0.3328418
21 153 0.4105688
23 153 0.1773878
26 151 0.2810238
28 152 0.3328418
30 152 0.7214768
33 153 0.6437498
35 152 0.4364778
37 152 0.2551148
39 153 0.3069328
43 152 0.3328418
45 152 0.1514788
47 150 1.9132908
50 151 1.8614728
52 151 0.5660228
54 151 0.4105688
56 151 0.8510218
59 150 0.6178408
61 151 0.0737518
63 150 0.0219338
66 149 1.2914748
68 148 1.2914748
70 148 0.9287488
72 149 0.5401138
75 149 0.7732948
77 148 0.6178408
79 148 0.4364778
82 148 0.1255698
85 147 0.0996608
87 146 1.0842028
90 145 1.2914748
92 145 0.0737518
94 145 0.0478428
96 145 0.0737518
99 144 0.0478428
101 144 0.0219338
103 143 0.0737518
106 142 1.1101118
108 141 1.3692018
110 142 0.0737518
112 141 0.0737518
115 141 0.0478428
117 140 0.0478428
119 140 -0.0039752
122 139 0.0478428
124 138 0.2032968
126 137 0.8510218
129 136 0.6437498
132 136 0.1514788
134 136 0.2810238
136 135 1.0323848
139 134 1.2396568
141 132 1.0582938
143 132 0.6437498
145 133 1.5505648
148 132 1.7578368
150 132 0.6178408
152 130 0.5401138
155 131 0.8251128
157 130 1.6023828
159 128 0.3328418
162 130 0.7473858
164 129 1.0582938
166 129 1.1101118
168 127 0.2551148
172 128 0.5401138
174 128 0.3069328
176 128 0.0478428
179 128 0.0219338
181 127 0.0478428
183 127 0.0219338
185 127 0.2292058
188 127 0.4882958
190 126 0.7732948
192 125 0.7473858
195 125 0.3069328
197 125 0.0996608
199 125 0.0737518
201 125 0.0478428
204 124 0.0478428
206 124 0.0219338
208 123 0.0219338
211 121 1.1360208
214 121 0.5919318
216 121 0.5919318
218 121 0.6437498
221 121 0.0996608
223 120 0.1514788
225 121 0.2292058
228 120 0.3846598
230 118 1.6023828
232 118 1.6282918
235 119 0.1514788
237 118 0.0478428
239 118 0.0478428
241 118 0.0737518
244 117 0.0478428
246 117 0.0478428
248 116 0.3328418
251 115 1.0323848
253 114 1.0582938
256 115 0.0478428
258 114 -0.0039752
261 112 0.0996608
263 113 0.2551148
265 113 0.6955678
268 112 0.4364778
270 110 0.7992038
272 109 0.8769308
274 109 1.4469288
277 108 0.8769308
279 109 0.5401138
281 109 1.0582938
284 108 0.4882958
286 106 0.2810238
288 108 -0.3667012
290 106 0.4364778
293 106 0.9546578
295 106 0.6696588
297 105 0.2810238
301 105 0.0737518
303 104 0.0478428
305 102 0.8510218
308 103 1.0323848
310 103 0.4882958
312 104 0.6437498
314 104 0.1773878
317 103 0.0478428
319 103 0.0737518
321 102 0.0478428
324 101 0.2292058
326 100 0.2032968
328 101 0.0219338
330 100 1.0842028
333 100 0.9287488
335 100 0.0219338
337 100 0.0737518
341 100 0.0219338
343 99 0.0478428
345 98 0.0737518
347 98 0.0478428
350 97 1.1878388
352 96 1.3173838
354 96 0.0478428
357 95 0.0219338
359 95 0.7473858
361 95 0.9287488
363 93 0.2810238
366 93 0.5401138
368 93 0.2032968
370 92 1.1101118
373 91 0.8251128
375 92 0.2032968
377 91 0.3587508
380 90 0.3846598
382 89 0.2032968
385 90 1.1101118
387 89 1.6282918
390 89 1.1360208
392 88 1.0323848
394 89 0.0737518
397 89 0.0737518
399 88 0.0737518
401 88 0.0478428
403 87 0.0737518
406 87 0.0478428
408 86 0.5142048
410 85 0.7473858
413 84 0.5142048
415 84 0.4882958
417 84 0.7732948
419 81 1.0842028
422 82 1.4469288
424 83 1.2137478
427 83 0.9546578
430 82 0.8769308
432 81 1.0842028
434 82 0.0478428
436 82 0.0737518
439 82 0.0996608
441 81 0.0478428
443 80 0.0219338
446 80 0.0737518
448 79 0.7992038
450 79 0.8510218
453 79 0.2551148
455 79 0.0478428
457 78 0.0478428
459 78 0.1514788
462 77 0.2032968
464 76 0.1255698
466 75 0.0737518
470 74 0.7214768
472 74 0.7732948
474 74 0.3846598
476 73 0.2551148
479 74 0.3069328
481 74 0.5142048
483 74 0.1773878
486 73 0.0478428
488 72 1.0842028
490 71 1.3173838
492 71 0.0996608
495 71 0.0737518
497 71 0.0219338
499 71 0.0737518
502 70 0.2032968
504 70 0.0737518
506 70 0.0478428
509 68 1.4210198
512 68 1.4210198
514 68 0.0737518
516 68 0.0996608
519 67 0.0996608
521 67 0.1773878
523 66 0.7992038
526 65 0.4364778
528 64 0.3846598
530 63 0.8769308
532 64 0.0996608
535 64 0.3328418
537 65 -0.5221552
539 63 0.0219338
542 63 0.0478428
544 63 0.0737518
546 62 0.0478428
548 61 1.1101118
551 60 1.0842028
553 60 0.7473858
556 60 0.3069328
559 59 0.3846598
561 59 0.7992038
563 59 0.7214768
566 59 0.1514788
568 58 0.7992038
570 57 1.1619298
572 58 0.2551148
575 57 0.0996608
577 56 0.0996608
579 55 0.1773878
582 55 0.3328418
584 54 1.6801098
586 52 0.9287488
588 53 0.8769308
591 52 1.0064758
593 53 0.4364778
595 53 0.8510218
599 52 0.4364778
601 51 0.1255698
603 51 0.3587508
605 51 0.7473858
608 51 1.0842028
610 49 1.4210198
612 51 0.2292058
615 51 0.1255698
617 50 0.0737518
619 50 0.0996608
622 50 0.0737518
624 49 0.0737518
626 49 0.3328418
628 46 1.0064758
631 47 1.0064758
633 47 0.0478428
635 46 0.1255698
638 46 0.2032968
641 46 0.0996608
643 45 0.0996608
645 45 0.2032968
648 43 1.6023828
650 43 1.6801098
652 44 0.0478428
655 43 0.0478428
657 42 0.1773878
659 42 0.1255698
661 42 0.0219338
664 42 0.0478428
666 42 0.1773878
668 40 1.4469288
671 39 1.9132908
673 41 0.0996608
675 40 0.0478428
678 40 0.0737518
680 40 0.0996608
683 39 0.0737518
685 39 0.0478428
688 37 1.4210198
690 36 1.0842028
692 37 0.0478428
695 36 0.0478428
697 35 0.8251128
699 34 0.2032968
701 33 1.2396568
704 34 1.8614728
706 34 -0.0557932
708 32 1.1619298
711 31 1.0323848
713 32 0.0478428
715 32 0.0219338
717 31 0.3846598
720 30 0.1255698
722 31 0.2032968
725 30 0.4105688
728 28 0.8769308
730 28 0.8251128
732 28 1.3692018
734 27 1.1360208
737 27 0.2810238
739 27 0.4882958
741 26 1.2914748
744 24 0.4882958
746 24 0.9287488
748 23 1.6282918
751 26 -0.9366992
753 24 1.3432928
755 24 0.8251128
757 24 0.0219338
760 24 0.0737518
762 24 0.0737518
764 24 0.0737518
768 23 0.0737518
770 23 0.0478428
772 23 1.1101118
774 22 1.0064758
777 22 0.2551148
779 22 0.2292058
781 21 0.0478428
784 21 0.0219338
786 20 0.0737518
788 20 0.3069328
790 20 0.1773878
793 19 1.2137478
795 19 1.2137478
797 18 -0.0039752
800 18 0.0478428
802 17 0.1773878
804 16 0.1255698
806 16 1.8355638
809 16 1.5764738
812 14 1.0582938
814 14 1.4210198
817 15 0.0996608
819 14 0.0737518
821 14 0.0219338
824 14 0.0478428
826 13 0.0737518
828 13 0.5142048
830 12 0.3069328
833 11 1.1360208
835 11 0.9287488
837 11 0.0478428
840 10 0.0478428
842 10 0.0737518
844 9 0.0737518
846 9 1.6023828
849 6 0.7732948
851 7 0.8251128
854 7 0.7992038
857 7 0.0996608
859 7 0.0478428
861 6 0.1255698
863 5 0.2032968
866 6 0.3069328
868 5 0.7473858
870 5 0.4882958
873 4 1.4210198
875 3 1.3432928
877 4 0.0478428
879 3 0.0737518
882 2 0.0219338
884 2 0.0737518
886 1 1.0582938
889 0 0.3328418
