0 -2 0.3587508
2 -2 0.6696588
5 -2 0.2810238
7 -2 0.4105688
9 -2 0.3587508
12 -2 0.5660228
14 -2 0.6178408
17 -4 2.6128338
20 -4 2.7164698
22 -4 2.6646518
24 -3 1.9651088
27 -4 2.6128338
29 -4 2.6387428
31 -4 2.4832888
34 -3 1.8355638
36 -4 2.5091978
38 -4 2.4055618
41 -3 2.1723808
43 -2 1.9651088
45 -2 1.5764738
48 -2 1.4469288
50 -2 2.4832888
52 -2 2.4832888
55 -2 2.4573798
57 -2 2.4055618
60 -2 2.3278348
63 -2 2.3019258
65 -2 2.2501078
67 -1 2.2501078
70 -1 2.2241988
72 -1 2.1982898
74 -1 2.1982898
77 0 2.1723808
79 0 2.2241988
81 0 2.3019258
84 0 2.3278348
86 0 2.3796528
88 0 1.3173838
91 0 1.7319278
93 1 1.9391998
95 1 2.2241988
98 2 1.5246558
101 2 1.9391998
103 3 1.3951108
106 3 1.8614728
108 4 1.5246558
110 4 2.0428358
113 4 1.6801098
115 4 1.4987468
117 5 1.2655658
120 5 1.1619298
122 6 1.1360208
124 5 1.1878388
127 6 1.1619298
129 6 1.0323848
131 7 1.0582938
134 7 1.0582938
136 8 1.0582938
139 8 1.0323848
141 8 1.0842028
144 9 1.8873818
147 10 1.7319278
149 10 1.6282918
151 10 1.5505648
154 11 1.3951108
156 11 1.1878388
158 11 1.9132908
161 12 1.6542008
163 12 1.4987468
165 13 1.3692018
168 13 1.2914748
170 14 1.1360208
172 14 1.1360208
175 15 1.1101118
177 15 1.0323848
179 15 1.1619298
182 15 1.2137478
184 16 1.2655658
187 17 1.3173838
190 17 1.3951108
192 18 1.4987468
194 19 0.9287488
197 19 1.1101118
199 20 1.2655658
201 20 1.3432928
204 20 1.4469288
206 21 1.0323848
208 22 1.1101118
211 22 1.2137478
213 22 1.3432928
215 22 0.9546578
218 23 1.1360208
220 23 1.2914748
222 23 1.4469288
225 24 0.9546578
227 24 1.1878388
230 25 1.3173838
233 25 1.4469288
235 26 0.9546578
237 27 1.1101118
240 27 1.2655658
242 28 1.3432928
244 28 1.4987468
247 29 1.6282918
249 30 0.9805668
251 30 1.1619298
254 30 1.2655658
256 31 1.3692018
258 31 0.8769308
261 32 1.1101118
263 33 1.2914748
265 33 0.9546578
268 34 1.0842028
270 34 1.2914748
273 35 0.9287488
276 36 1.1619298
278 36 1.3432928
280 37 0.9805668
283 38 1.2396568
285 38 0.9287488
288 39 1.1101118
290 39 1.3173838
292 40 0.9805668
295 40 1.2137478
297 40 0.8769308
299 41 1.1360208
302 41 1.3692018
304 42 1.0582938
306 42 1.2396568
309 42 0.9546578
311 43 1.2137478
313 43 1.1878388
317 44 1.0842028
319 44 1.2914748
321 45 0.9805668
324 46 1.1360208
326 46 1.2914748
328 46 1.4987468
331 48 1.0323848
333 49 1.2396568
335 49 1.3432928
338 50 0.9028398
340 50 1.1619298
342 50 1.3432928
345 51 1.0064758
347 51 1.1619298
349 52 1.4469288
352 53 1.0582938
354 53 1.2914748
357 54 0.8769308
360 55 1.1878388
362 55 1.3432928
364 56 1.0064758
367 56 1.2396568
369 57 1.4469288
371 58 1.0582938
374 58 1.2137478
376 58 0.8510218
378 59 1.1878388
381 59 1.3432928
383 59 0.9546578
385 60 1.2396568
388 60 0.8510218
390 61 1.1619298
392 62 1.3173838
395 63 0.9546578
397 63 1.2396568
400 63 1.3692018
403 64 1.0842028
405 64 1.2396568
407 64 1.4210198
410 66 1.1101118
412 66 1.3173838
414 67 0.9287488
417 67 1.1878388
419 68 1.3951108
421 69 1.0842028
424 70 1.2396568
426 70 1.1101118
428 70 1.2655658
431 71 0.9805668
433 71 1.2396568
436 72 0.7473858
438 73 1.1360208
440 73 1.2914748
444 73 0.9805668
446 74 1.1878388
448 74 1.3951108
451 74 1.0582938
453 75 1.2914748
455 76 0.9028398
458 77 1.1619298
460 77 1.3432928
462 78 1.0582938
465 78 1.2396568
467 79 0.9546578
469 80 1.1360208
472 80 1.3173838
474 81 0.9805668
476 81 1.2396568
479 82 1.3951108
481 83 0.9805668
483 83 1.2396568
487 83 1.3951108
489 83 1.0323848
491 85 1.2396568
494 85 0.8769308
496 86 1.1360208
498 87 1.3432928
501 88 1.0064758
503 87 1.2137478
505 88 0.9805668
508 89 1.1878388
510 89 0.9287488
512 89 1.1101118
515 90 1.2914748
517 91 0.9805668
519 91 1.2137478
522 92 1.3692018
524 93 0.9805668
526 93 1.1878388
530 93 1.3432928
532 94 1.0064758
534 95 1.1619298
537 95 1.3951108
539 96 1.0323848
541 97 1.2396568
544 97 1.3951108
546 98 1.0064758
548 99 1.2137478
551 99 1.3951108
553 100 1.0064758
555 100 1.1878388
558 100 1.3692018
560 100 0.9546578
562 102 1.1619298
565 102 1.3432928
567 103 1.4469288
569 104 1.0582938
573 103 1.2914748
575 103 0.9028398
577 104 1.1101118
580 106 1.3173838
582 106 0.9546578
584 106 1.2137478
587 107 0.9028398
589 108 1.1619298
592 108 1.3173838
594 109 1.0064758
596 109 1.2396568
599 110 0.9287488
601 110 1.1619298
603 111 1.3173838
606 112 1.0323848
608 112 1.2137478
610 113 0.9287488
614 113 1.2137478
616 113 1.4210198
618 115 1.0064758
621 115 1.2396568
623 115 0.9287488
625 116 1.1619298
628 116 1.3951108
630 117 1.0582938
632 117 1.2655658
635 117 0.9287488
637 118 1.1360208
639 118 1.2914748
642 119 1.0323848
644 119 1.1878388
646 120 1.2914748
649 120 1.5246558
651 121 1.1360208
653 121 1.2914748
657 121 0.9287488
659 122 1.1101118
661 123 1.2914748
664 124 0.9546578
666 124 1.1619298
668 124 1.3692018
671 125 0.9028398
673 126 1.1101118
675 126 1.2655658
678 126 1.3692018
680 126 1.4987468
682 127 0.9546578
685 127 1.1101118
687 127 1.2655658
689 128 1.3432928
692 128 1.1101118
694 129 1.1101118
696 130 1.2137478
700 130 1.4469288
702 130 1.0582938
704 131 1.2396568
707 131 1.3951108
709 131 1.0842028
711 132 1.0842028
714 133 1.2396568
716 134 1.3173838
718 134 1.3692018
721 134 1.4728378
723 134 0.9546578
725 135 1.1360208
728 135 1.2655658
730 136 1.3951108
732 136 1.2396568
735 137 1.0842028
737 137 1.2137478
741 138 1.3692018
743 139 1.0064758
745 139 1.1619298
748 139 1.3432928
750 140 0.7732948
752 140 1.0323848
755 141 1.1101118
757 141 1.2137478
759 142 0.9805668
762 142 1.1619298
764 142 0.7473858
766 143 0.8769308
769 144 0.2810238
771 145 0.2032968
773 145 0.0737518
776 145 0.0737518
778 145 0.5660228
780 145 0.5142048
784 147 0.2810238
786 147 0.1514788
788 147 0.0737518
791 148 0.0737518
793 148 0.0478428
795 149 0.0478428
798 149 0.0219338
800 149 0.0478428
802 149 0.0478428
805 150 0.0478428
807 150 0.0219338
809 150 0.0737518
812 150 0.0737518
814 150 0.0737518
816 151 0.1255698
819 151 0.0737518
821 151 0.0737518
823 151 0.0478428
827 152 0.0737518
829 151 0.0996608
831 152 0.2810238
834 151 0.0996608
836 152 0.3328418
838 152 0.0996608
841 152 0.0996608
843 152 0.0219338
845 152 0.0737518
