0 153 0.0478428
8 152 0.0478428
16 152 0.0737518
24 153 0.0219338
32 153 0.0996608
41 153 0.0478428
50 152 0.1255698
58 153 0.1773878
66 152 0.1255698
74 152 0.0996608
83 152 0.0996608
91 151 0.1255698
99 151 0.0737518
108 150 0.3846598
116 150 0.0996608
125 150 0.0737518
133 149 0.2551148
141 149 0.0478428
149 149 0.6696588
157 148 0.0478428
167 148 0.3587508
175 147 0.0737518
183 146 0.2292058
191 144 0.2032968
199 145 0.1514788
208 145 0.2292058
217 145 0.0996608
225 145 0.2292058
233 145 0.5660228
241 144 0.1773878
250 144 0.7214768
258 143 0.0478428
266 142 0.4105688
275 141 0.3587508
283 141 0.0996608
292 140 0.0996608
300 140 0.0737518
308 140 0.3328418
316 140 0.0737518
324 140 0.2032968
334 139 0.0478428
342 138 0.0996608
350 137 0.1514788
358 137 0.1514788
366 137 0.5401138
374 137 0.1773878
384 137 0.1773878
392 137 0.5401138
400 136 0.0478428
408 135 0.5401138
416 134 0.4364778
425 134 0.1255698
433 133 0.2810238
442 133 0.0737518
450 133 0.0996608
458 133 0.0737518
467 133 0.6696588
475 132 0.2032968
483 131 0.2032968
492 131 0.2810238
500 130 0.0737518
509 130 0.0996608
517 129 0.0737518
525 129 0.2810238
533 129 0.0996608
541 129 0.0478428
551 128 0.2032968
559 128 0.0737518
567 127 0.6955678
575 127 0.0737518
583 126 0.2032968
592 126 0.2032968
600 125 0.1773878
609 125 0.0737518
617 124 0.0737518
625 122 1.1101118
634 121 0.3069328
642 122 0.1514788
650 122 0.1514788
658 123 0.4623868
667 122 0.1514788
676 122 0.4105688
684 122 0.0737518
692 121 0.1255698
700 121 0.0478428
708 120 0.3069328
718 120 0.0737518
726 120 0.0996608
734 120 0.2551148
742 119 0.0737518
750 118 0.5660228
758 118 0.0478428
767 117 0.1255698
776 116 0.2551148
784 116 0.2551148
792 115 0.0737518
800 115 0.0996608
809 115 0.2810238
817 115 0.1255698
826 115 0.0478428
834 114 0.2810238
842 113 0.1255698
851 113 0.5401138
859 113 0.0996608
867 111 0.1514788
875 110 0.1773878
884 110 0.3328418
893 109 0.0737518
901 110 0.0737518
909 109 0.0996608
917 110 0.2032968
925 109 0.3069328
934 109 0.5401138
943 109 0.0737518
951 107 0.0996608
959 106 0.4882958
967 106 0.1255698
976 106 0.0996608
984 106 0.0478428
992 106 0.3328418
1001 106 0.2032968
1009 104 0.2032968
1018 103 0.3069328
1026 104 0.1255698
1034 103 0.2032968
1042 103 0.2551148
1051 103 0.0996608
1060 103 0.0996608
1068 102 0.1514788
1076 102 0.0478428
1084 101 0.2292058
1092 101 0.0478428
1101 100 0.0996608
1110 100 0.1255698
1118 100 0.0737518
1126 99 0.4105688
1134 98 0.0478428
1142 98 0.2551148
1151 98 0.0737518
1159 96 0.0737518
1168 96 0.1255698
1176 95 0.0996608
1184 95 0.2292058
1193 95 0.1255698
1201 95 0.3069328
1209 95 0.2810238
1218 95 0.3069328
1226 94 0.4364778
1235 93 0.1514788
1243 92 0.0996608
1251 92 0.3328418
1259 92 0.0478428
1267 92 0.3846598
1277 92 0.1255698
1285 91 0.3587508
1293 90 0.2551148
1301 89 0.0478428
1309 89 0.0737518
1318 89 0.0478428
1326 89 0.0478428
1335 89 0.3587508
1343 89 0.1255698
1351 89 0.8251128
1360 88 0.0478428
1368 87 0.3587508
1376 86 0.3069328
1385 86 0.2032968
1393 85 0.2551148
1402 85 0.1255698
1410 85 0.2292058
1418 85 0.1255698
1426 85 0.4623868
1434 84 0.1255698
1444 84 0.0737518
1452 83 0.6696588
1460 82 0.0478428
1468 82 0.4105688
1476 82 0.0478428
1485 81 0.0737518
1493 80 0.1773878
1502 80 0.0737518
1510 79 0.3587508
1518 79 0.0996608
1526 78 0.0737518
1535 78 0.2032968
1543 78 0.1514788
1552 78 0.2551148
1560 77 0.0478428
1568 75 0.6437498
1577 74 0.2032968
1585 75 0.2551148
1593 75 0.0996608
1601 75 0.2032968
1610 75 0.2032968
1619 75 0.3328418
1627 74 0.2551148
1635 74 0.3328418
1643 74 0.0478428
1651 73 0.1255698
1660 71 0.4623868
1669 71 0.1255698
1677 71 0.0737518
1685 71 0.1255698
1693 71 0.2292058
1702 71 0.3069328
1710 70 0.1514788
1719 70 0.0996608
1727 68 0.1514788
1735 67 0.2032968
1744 67 0.5401138
1752 67 0.0478428
1760 67 0.0737518
1768 67 0.2032968
1777 66 0.1514788
1786 66 0.5660228
1794 66 0.2292058
1802 65 0.1773878
1810 64 0.0478428
1818 64 0.0737518
1827 64 0.2032968
1836 63 0.0478428
1844 63 0.0737518
1852 62 0.0737518
1860 61 0.1255698
1869 60 0.1514788
1877 60 0.8510218
1886 60 0.1773878
1894 60 0.0478428
1902 60 0.4364778
1910 60 0.1255698
1919 60 0.1255698
1927 60 0.7214768
1935 59 0.1773878
1944 59 0.3069328
1952 59 0.0478428
1961 57 0.0996608
1969 55 0.5401138
1977 55 0.7214768
1985 55 0.2032968
1993 54 0.5401138
2003 54 0.1255698
2011 54 0.1514788
2019 54 0.1514788
2027 55 0.4364778
2035 54 0.5401138
2044 53 0.0737518
2052 52 0.6696588
2061 51 0.2810238
2069 51 0.3328418
2077 51 0.0737518
2086 51 0.0737518
2094 51 0.2292058
2102 51 0.0737518
2111 50 0.3846598
2119 50 0.0996608
2128 49 0.2032968
2136 48 0.0996608
2144 47 0.2810238
2152 47 0.0737518
2160 47 0.0478428
2170 46 0.2551148
2178 46 0.3069328
2186 46 0.2551148
2194 45 0.0996608
2202 44 0.5142048
2211 44 0.1773878
2219 43 0.1514788
2228 43 0.0996608
2236 43 0.0478428
2244 43 0.1514788
2253 43 0.3328418
2261 43 0.4623868
2269 42 0.1514788
2278 42 0.2032968
2286 42 0.0478428
2294 41 0.0996608
2303 41 0.0996608
2311 40 0.5142048
2319 40 0.0478428
2327 38 0.1773878
2336 38 0.0737518
2345 37 0.2551148
2353 36 0.4882958
2361 35 0.2810238
2369 35 0.0478428
2377 35 0.0478428
2386 36 0.3587508
2395 35 0.7732948
2403 35 0.2551148
2411 35 0.2810238
2419 34 0.0478428
2428 34 0.4882958
2436 32 0.2810238
2445 31 0.1773878
2453 32 0.0737518
2461 32 0.0737518
2470 32 0.3069328
2478 31 0.0478428
2486 31 0.5401138
2494 30 0.0737518
2503 29 0.5919318
2512 28 0.3328418
2520 28 0.1255698
2528 28 0.2292058
2536 28 0.1255698
2544 28 0.2551148
2553 28 0.9546578
2562 28 0.1773878
2570 27 0.3587508
2578 26 0.1255698
2586 25 0.1255698
2595 25 0.0996608
2603 24 0.0996608
2612 24 0.0996608
2620 25 0.0996608
2628 24 0.3587508
2637 24 0.0996608
2645 23 0.3069328
2653 23 0.2032968
2661 23 0.0737518
2670 21 0.0737518
2678 21 0.4882958
2687 20 0.2032968
2695 20 0.0737518
2703 20 0.0478428
2711 20 0.2292058
2719 19 0.0996608
2729 19 0.1255698
2737 18 0.0737518
2745 17 0.1514788
2753 17 0.0478428
2761 16 0.0737518
2770 16 0.1255698
2779 16 0.0996608
2787 16 0.0996608
2795 16 0.2551148
2803 16 0.3069328
2812 14 0.2292058
2820 14 0.0737518
2828 13 0.2032968
2837 13 0.2032968
2845 12 0.0737518
2854 12 0.0737518
2862 12 0.0478428
2870 12 0.2810238
2878 12 0.0737518
2886 12 0.2032968
2896 10 0.1255698
2904 10 0.0996608
2912 9 0.2551148
2920 8 0.0737518
2928 8 0.3328418
2937 8 0.0737518
2945 8 0.0996608
2954 7 0.0478428
2962 7 0.0737518
2970 6 0.3069328
2979 6 0.0219338
2987 5 0.3328418
2995 5 0.0478428
3004 5 0.0737518
3012 5 0.2810238
3021 4 0.0737518
3029 3 0.4623868
3037 2 0.3587508
3045 2 0.6696588
3053 1 0.0996608
3062 1 0.0478428
3071 1 0.2810238
3079 1 0.0996608
3087 1 0.2551148
3095 1 0.4105688
3103 0 0.0737518
3112 0 0.0996608
3121 0 0.0478428
