0 151 0.9805668
13 151 1.0582938
27 151 0.4364778
40 152 0.1773878
53 151 0.0737518
67 151 0.0996608
80 151 0.0737518
93 151 0.2810238
106 150 0.0478428
120 150 0.0478428
133 150 0.0478428
146 149 0.0478428
160 149 0.3069328
173 148 0.0996608
186 147 0.3328418
200 147 0.5660228
213 145 0.1514788
226 145 0.6696588
240 145 0.0737518
253 145 0.0737518
266 145 0.0996608
280 145 0.0737518
293 145 0.0219338
306 145 0.0478428
319 144 0.2292058
333 143 0.0478428
347 142 0.2032968
360 142 0.1514788
374 141 0.2292058
387 141 0.1255698
400 141 0.1773878
414 140 0.0219338
427 139 0.0478428
440 139 0.1255698
454 138 0.1514788
467 138 0.4882958
480 138 0.0737518
494 138 0.0996608
507 138 0.0737518
520 137 0.0478428
533 137 0.1514788
547 136 0.0478428
560 136 0.0219338
573 135 0.3587508
587 134 0.1255698
600 135 0.1255698
613 135 0.0737518
627 134 0.0737518
640 134 0.0478428
653 133 0.0219338
667 132 0.3587508
680 132 0.0478428
693 130 0.1773878
707 131 0.1514788
720 131 0.0737518
733 130 0.1773878
746 130 0.0737518
761 130 0.0219338
774 128 0.2032968
787 129 0.2810238
801 128 0.0996608
814 127 0.4623868
827 127 0.2032968
841 127 0.0737518
854 127 0.1255698
867 126 0.0478428
881 125 0.0737518
894 125 0.1773878
907 123 0.1514788
921 123 0.3328418
934 123 0.3069328
947 123 0.2032968
960 123 0.0219338
974 123 0.0219338
987 122 0.0737518
1000 122 0.1773878
1014 122 0.0737518
1027 121 0.2810238
1040 121 0.0996608
1054 121 0.1255698
1067 121 0.0478428
1080 120 0.0219338
1094 119 0.0737518
1107 119 0.2292058
1120 119 0.1514788
1134 117 0.1514788
1147 117 0.2551148
1160 117 0.1255698
1175 115 0.5660228
1188 116 0.1255698
1201 115 0.2551148
1214 115 0.0478428
1228 115 0.0737518
1241 115 0.0478428
1254 114 0.0996608
1268 114 0.4105688
1281 113 0.0996608
1294 112 0.0478428
1308 112 0.1255698
1321 112 0.2032968
1334 111 0.2810238
1348 110 0.0996608
1361 110 0.0737518
1374 110 0.0996608
1387 110 0.0478428
1401 110 0.0737518
1414 109 0.0737518
1427 108 0.4105688
1441 108 0.0996608
1454 106 0.0996608
1467 106 0.1255698
1481 106 0.0478428
1494 104 0.2292058
1507 104 0.8251128
1521 105 0.1255698
1534 103 0.1773878
1547 104 0.4364778
1561 104 0.0737518
1574 104 0.1514788
1588 104 0.0478428
1602 104 0.0996608
1615 104 0.0478428
1628 102 0.4105688
1641 102 0.0478428
1655 101 0.6696588
1668 101 0.1514788
1681 100 0.0219338
1695 100 0.0737518
1708 100 0.0219338
1721 100 0.0737518
1735 99 0.2032968
1748 98 0.9028398
1761 98 0.0737518
1775 97 0.1514788
1788 96 1.1619298
1801 96 0.0996608
1815 96 0.0737518
1828 96 0.0478428
1841 95 0.0478428
1854 95 0.0737518
1868 95 0.0737518
1881 94 0.0219338
1894 93 0.2032968
1908 93 0.2292058
1921 93 0.0478428
1934 92 0.2810238
1948 92 0.2032968
1961 91 0.0737518
1974 91 0.2810238
1988 91 0.0996608
2001 90 0.2551148
2015 90 0.1255698
2029 90 0.1255698
2042 89 0.0478428
2055 89 0.1514788
2068 89 0.0996608
2082 89 0.1514788
2095 88 0.2032968
2108 86 0.1514788
2122 86 0.5142048
2135 85 0.1514788
2148 85 0.3587508
2162 85 0.1255698
2175 85 0.0737518
2188 85 0.2810238
2202 84 0.0478428
2215 84 0.2810238
2228 84 0.0996608
2242 83 0.0219338
2255 83 0.0219338
2268 83 0.0737518
2281 82 0.1773878
2295 81 0.0996608
2308 80 0.3846598
2321 80 0.4105688
2335 79 0.0737518
2348 79 0.7214768
2361 78 0.0996608
2375 78 0.2032968
2388 78 0.0737518
2401 78 0.0996608
2415 77 0.0219338
2429 76 1.1101118
2442 75 0.1773878
2456 76 0.1773878
2469 75 0.1773878
2482 75 0.0737518
2495 75 0.1255698
2509 75 0.0737518
2522 74 0.0996608
2535 74 0.1255698
2549 74 0.0478428
2562 74 0.0478428
2575 72 0.1255698
2589 70 0.9805668
2602 72 0.0737518
2615 71 0.1255698
2629 71 0.1773878
2642 71 0.0478428
2655 70 0.1773878
2669 69 0.1514788
2682 69 0.0219338
2695 68 0.1773878
2708 68 0.2032968
2722 68 0.0478428
2735 68 0.3069328
2748 67 0.1773878
2762 67 0.0737518
2775 67 0.0996608
2788 66 0.1255698
2802 65 0.0737518
2815 65 0.3587508
2829 64 0.0478428
2843 65 0.0478428
2856 65 0.0478428
2869 64 0.0737518
2883 63 0.0737518
2896 62 0.1255698
2909 61 0.8769308
2922 60 0.1255698
2936 60 0.6955678
2949 60 0.0737518
2962 60 0.0737518
2976 60 0.0996608
2989 60 0.0219338
3002 59 0.0996608
3016 59 0.0737518
3029 58 0.1773878
3042 56 1.7060188
3056 55 0.6437498
3069 56 0.2551148
3082 56 0.0996608
3096 56 0.0737518
3109 56 0.0737518
3122 57 0.0219338
3135 56 0.0996608
3149 55 0.1514788
3162 54 0.0737518
3175 53 0.1773878
3189 53 0.4105688
3202 52 0.1773878
3215 52 0.0996608
3229 52 0.0996608
3243 52 0.0478428
3256 51 0.1514788
3270 51 0.2032968
3283 51 0.1773878
3296 50 0.0737518
3310 50 0.0737518
3323 48 0.1773878
3336 47 0.4364778
3349 48 0.3328418
3363 48 0.0996608
3376 47 0.0737518
3389 47 0.0478428
3403 47 0.0478428
3416 46 0.0478428
3429 46 0.2292058
3443 45 0.2551148
3456 44 0.0478428
3469 44 0.3587508
3483 44 0.1514788
3496 43 0.0996608
3509 43 0.0996608
3523 43 0.0996608
3536 43 0.0478428
3549 42 0.0478428
3562 42 0.1255698
3576 42 0.0737518
3589 41 0.6696588
3602 40 0.0737518
3616 40 0.1773878
3629 39 0.7732948
3643 38 0.1255698
3657 39 0.0219338
3670 38 0.0478428
3683 38 0.0737518
3697 37 0.0737518
3710 37 0.3328418
3723 37 0.0478428
3737 36 0.1773878
3750 36 0.0478428
3763 36 0.0737518
3776 35 0.3846598
3790 34 0.1773878
3803 34 0.0737518
3816 34 0.0996608
3830 34 0.0996608
3843 33 0.4364778
3856 31 0.1773878
3870 32 0.1255698
3883 32 0.0996608
3896 31 0.1255698
3910 31 0.1514788
3923 29 0.2032968
3936 29 1.0064758
3950 29 0.0737518
3963 29 0.0219338
3976 29 0.0737518
3989 29 0.0219338
4003 28 0.1514788
4016 28 0.0478428
4029 27 0.2810238
4043 26 0.8510218
4056 26 0.2810238
4070 26 0.1773878
4084 25 0.2292058
4097 25 0.0478428
4110 25 0.0737518
4124 25 0.1255698
4137 24 0.1255698
4150 24 0.3328418
4164 23 0.1255698
4177 23 0.0737518
4190 22 0.2032968
4203 20 0.3587508
4217 21 0.0737518
4230 21 0.0737518
4243 21 0.0478428
4257 21 0.0737518
4270 20 0.0737518
4283 20 0.1255698
4297 19 0.0219338
4310 18 0.7214768
4323 17 0.2551148
4337 17 0.0737518
4350 16 0.2292058
4363 16 0.1773878
4377 16 0.0737518
4390 16 0.0737518
4403 16 0.0737518
4416 15 0.0996608
4430 15 0.1773878
4443 14 0.4105688
4456 13 0.0737518
4470 13 0.5142048
4484 12 0.0996608
4497 13 0.0996608
4511 13 0.0478428
4524 13 0.0996608
4537 12 0.2292058
4551 12 0.0478428
4564 11 0.0737518
4577 10 0.0478428
4591 9 0.6178408
4604 9 0.2032968
4617 8 0.0478428
4631 8 0.2032968
4644 7 0.2292058
4657 8 0.0737518
4670 7 0.2551148
4684 7 0.1255698
4697 6 0.0996608
4710 6 0.1773878
4724 6 0.0996608
4737 5 0.0478428
4750 5 0.0478428
4764 5 0.0996608
4777 4 0.2292058
4790 3 0.1514788
4804 2 0.5660228
4817 2 0.2551148
4830 2 0.1255698
4843 2 0.0478428
4857 2 0.0996608
4870 1 0.1255698
4883 0 0.0996608
4898 0 0.1773878
4911 0 0.0478428
