0 -1 0.1255698
2 -1 0.2292058
4 -2 0.0737518
7 -1 0.2292058
9 -2 0.0478428
11 -1 0.2032968
14 -1 0.0737518
16 -1 0.1773878
18 -1 0.0737518
21 -1 0.2032968
23 -4 2.8719238
25 -4 2.8201058
29 -2 1.7319278
31 -4 2.7423788
33 -3 2.1723808
36 -4 1.3692018
38 -3 2.6387428
40 -3 2.6387428
43 -3 2.6905608
45 -1 1.6282918
47 -2 1.8614728
50 -2 2.0946538
52 -2 2.4055618
54 -1 1.4728378
57 -1 1.9651088
59 -1 2.4314708
61 0 1.7578368
64 0 2.1723808
66 0 1.4728378
68 0 1.9910178
72 0 1.3951108
74 0 1.9651088
77 1 1.4728378
79 1 2.0946538
81 2 1.7060188
84 3 1.2655658
86 3 2.0687448
88 4 1.7837458
91 4 1.6542008
93 4 1.6023828
95 4 1.6023828
98 5 1.0064758
100 6 1.1878388
102 6 1.2914748
105 7 1.0064758
107 7 1.1878388
109 8 0.8769308
112 8 1.2137478
115 9 1.0064758
117 9 0.8510218
120 10 1.1619298
122 11 1.0323848
124 11 0.8510218
127 12 1.1619298
129 12 0.9805668
131 12 1.2655658
134 13 1.1101118
136 14 0.8510218
138 14 1.2137478
141 15 1.0842028
143 15 0.8251128
145 16 1.1619298
148 17 1.0323848
150 17 0.8251128
152 19 1.0582938
155 19 1.0064758
158 20 0.6955678
160 20 1.1360208
163 21 1.0323848
165 21 0.9287488
167 22 0.7732948
170 23 1.0842028
172 23 1.0064758
174 23 0.9805668
177 24 0.9028398
179 24 0.8510218
181 25 0.8251128
184 26 0.8510218
186 27 0.7732948
188 28 0.8510218
191 28 0.8251128
193 29 0.8251128
195 30 0.8769308
198 31 0.9028398
201 31 0.8510218
203 31 0.9287488
206 32 0.8769308
208 33 0.9028398
210 34 0.9287488
213 34 0.8769308
215 35 0.6955678
217 36 0.6696588
220 37 0.6437498
222 38 0.6955678
224 39 0.6437498
227 39 0.6696588
229 40 0.6696588
232 40 0.7214768
234 41 0.6955678
236 42 0.7214768
239 42 0.7732948
242 42 0.7732948
244 43 0.7732948
247 44 0.8510218
249 44 0.8769308
251 45 0.8769308
254 46 0.8510218
256 47 0.6437498
258 48 0.6437498
261 49 0.7214768
263 50 0.6696588
265 50 0.8251128
268 51 0.7473858
270 51 0.8769308
272 52 0.7992038
275 52 0.4882958
277 53 0.6437498
279 55 0.6696588
282 55 0.7992038
285 56 0.8251128
287 57 0.8510218
290 58 0.7992038
292 58 0.8510218
294 59 0.8510218
297 59 0.9028398
299 59 0.8769308
301 60 0.9546578
304 61 0.6696588
306 62 0.6178408
308 63 0.6955678
311 64 0.6955678
313 64 0.7473858
315 64 0.7992038
318 65 0.8251128
320 66 0.8251128
322 67 0.8251128
325 68 0.8510218
328 69 0.4105688
330 70 0.6696588
333 71 0.5660228
335 71 0.7732948
337 71 0.7473858
340 72 0.8510218
342 73 0.5401138
344 74 0.6178408
347 74 0.6955678
349 75 0.6696588
351 75 0.7992038
354 76 0.7473858
356 77 0.9028398
358 78 0.8510218
361 78 0.9546578
363 79 0.9028398
365 80 0.6696588
368 81 0.6178408
371 82 0.6437498
373 83 0.6696588
376 83 0.6955678
378 83 0.7473858
380 84 0.6955678
383 85 0.7992038
385 86 0.7473858
388 87 0.8510218
390 88 0.7992038
392 88 0.9028398
395 89 0.9287488
397 89 0.4364778
399 90 0.6955678
402 91 0.5919318
404 92 0.7732948
406 93 0.7214768
409 93 0.8251128
411 94 0.8510218
414 95 0.8769308
417 95 0.9028398
419 96 0.9287488
421 97 0.6696588
424 98 0.5142048
426 99 0.6437498
428 100 0.6437498
431 100 0.6955678
433 101 0.5919318
435 101 0.7473858
438 102 0.6955678
440 103 0.7732948
442 104 0.6437498
445 104 0.7732948
447 104 0.7214768
449 106 0.7992038
452 106 0.7473858
454 107 0.8251128
457 108 0.8510218
460 108 0.8510218
462 109 0.8251128
464 109 0.5401138
467 110 0.6178408
469 112 0.5660228
471 112 0.6955678
474 113 0.7473858
476 113 0.8510218
478 114 0.7992038
481 115 0.8769308
483 115 0.8510218
485 116 0.3846598
488 117 0.6955678
490 118 0.5660228
492 118 0.7992038
495 119 0.7214768
498 119 0.8251128
500 120 0.7992038
503 120 0.9028398
505 121 0.9287488
507 121 0.7992038
510 121 0.5919318
512 123 0.6437498
514 124 0.6955678
517 125 0.6955678
519 125 0.7473858
521 126 0.6955678
524 126 0.8251128
526 127 0.7732948
528 127 0.8251128
531 128 0.8251128
533 128 0.8769308
535 129 0.7992038
538 130 0.8510218
541 130 0.8251128
544 131 0.8251128
546 132 0.8510218
548 132 0.8769308
551 133 0.9028398
553 133 0.9287488
555 134 0.9287488
558 134 0.7473858
560 135 0.6696588
562 136 0.6696588
565 137 0.7214768
567 137 0.7473858
569 138 0.7732948
572 139 0.8251128
574 140 0.2032968
576 141 0.1255698
579 141 0.0737518
581 142 0.0996608
584 142 0.0996608
587 142 0.2292058
589 143 0.1773878
591 144 0.1514788
594 145 0.0996608
596 145 0.0996608
598 145 0.0737518
601 146 0.0737518
603 146 0.0478428
605 147 0.0996608
608 148 0.0478428
610 148 0.0219338
612 149 0.0478428
615 149 0.5660228
617 149 0.1773878
619 150 0.3328418
622 150 0.3587508
624 150 0.5919318
627 150 0.4364778
630 151 0.2551148
632 152 0.2810238
634 152 0.7732948
637 151 0.4623868
639 153 0.7732948
641 151 0.8769308
644 152 0.6178408
646 153 0.7992038
648 153 0.3069328
651 153 0.6178408
653 152 0.1773878
655 153 0.2551148
658 153 0.0737518
660 153 0.0996608
662 153 0.0478428
665 153 0.0478428
667 152 0.0478428
671 152 0.0737518
673 152 0.1514788
675 151 0.2810238
678 152 0.6437498
680 152 0.4105688
682 152 0.3846598
685 152 0.1255698
687 152 0.1773878
