0 153 0.0737518
9 152 0.0737518
17 152 0.1773878
25 153 0.3328418
33 153 0.1255698
41 153 0.0996608
51 152 0.0996608
59 152 0.0737518
67 152 0.0478428
75 152 0.0478428
83 151 0.0996608
92 151 0.1514788
101 150 0.0996608
109 150 0.1255698
117 149 0.0737518
125 149 0.0478428
134 149 0.0478428
142 148 0.0478428
150 147 0.0996608
159 146 0.4364778
167 145 0.6178408
176 144 0.0737518
184 145 0.2551148
192 145 0.0996608
200 145 0.0737518
208 144 0.2032968
217 144 0.1514788
226 144 0.0737518
234 144 0.0737518
242 143 0.0737518
250 142 0.1255698
258 142 0.2810238
268 140 -0.3407922
276 140 0.2032968
284 140 0.3328418
292 140 0.0737518
300 140 0.0737518
309 139 0.1255698
317 139 0.0219338
326 139 0.0737518
334 138 0.0478428
342 138 0.4623868
351 137 0.0737518
359 136 0.0737518
367 136 0.1255698
375 135 0.0737518
384 134 0.0737518
393 135 0.0478428
401 135 0.0737518
409 135 0.1255698
417 134 0.0737518
425 134 0.0478428
435 134 0.0737518
443 133 0.1773878
451 132 0.0996608
459 131 0.1773878
467 131 0.1514788
476 131 0.1255698
484 130 0.0996608
493 130 0.0737518
501 130 0.0996608
509 129 0.0478428
518 129 0.0478428
526 129 0.0478428
534 128 0.0219338
542 128 0.0737518
551 127 0.0478428
560 127 0.3069328
568 126 0.0996608
576 125 0.0996608
584 124 0.1773878
592 125 0.0737518
601 124 0.1514788
610 123 0.0996608
618 122 0.7214768
626 122 0.0737518
634 122 0.1514788
642 121 0.0737518
651 122 0.0478428
660 121 0.0478428
668 121 0.1514788
676 121 0.0737518
684 121 0.0737518
693 121 0.0478428
701 121 0.0219338
709 120 0.3069328
718 119 0.1255698
726 119 0.1255698
735 118 0.0478428
743 117 0.2292058
751 117 0.2810238
759 115 0.1514788
768 116 0.0478428
777 115 0.1255698
785 115 0.1255698
793 115 0.0478428
801 114 0.2032968
809 114 0.0737518
818 114 0.0737518
827 113 0.0219338
835 113 0.0996608
843 112 0.0478428
851 111 0.0737518
860 110 0.6178408
868 110 0.4882958
876 110 0.1255698
885 110 0.0478428
893 110 0.0478428
902 110 0.0478428
910 110 0.1514788
918 109 0.0996608
926 109 0.0478428
935 108 0.0737518
944 107 0.1255698
952 107 0.6437498
960 106 0.0737518
968 106 -0.0557932
976 105 0.1255698
984 104 1.1619298
994 104 0.0996608
1002 104 0.0737518
1010 104 0.0737518
1018 104 0.0996608
1026 104 0.0737518
1035 104 0.1514788
1043 103 0.0478428
1052 102 0.2032968
1060 100 0.2292058
1068 101 0.0737518
1077 101 0.1255698
1085 100 0.0219338
1093 100 0.0737518
1101 100 0.0737518
1110 100 0.0996608
1119 99 0.0737518
1127 98 0.5919318
1135 98 0.0737518
1143 96 0.2551148
1151 95 0.0737518
1161 95 0.6437498
1169 95 0.0996608
1177 95 0.0996608
1185 95 0.0219338
1193 95 0.0478428
1202 95 0.0737518
1210 95 0.3587508
1219 94 0.0737518
1227 93 0.0737518
1235 92 0.0996608
1244 91 0.1773878
1252 91 0.1255698
1260 90 0.7214768
1268 91 0.0737518
1277 90 0.0737518
1286 90 0.0737518
1294 91 0.0996608
1302 90 0.0478428
1310 90 0.1255698
1318 90 0.0996608
1328 89 0.2292058
1336 88 0.0478428
1344 88 0.0737518
1352 87 0.2032968
1360 85 0.1773878
1368 86 0.0478428
1377 85 0.6178408
1386 84 0.5660228
1394 84 0.0737518
1402 84 0.1255698
1410 84 0.0737518
1419 84 0.0737518
1427 84 0.3069328
1435 84 0.0996608
1444 83 0.0478428
1452 83 0.1255698
1461 82 0.0478428
1469 82 0.0996608
1477 80 0.0737518
1485 80 0.0737518
1494 79 0.3587508
1503 78 0.9287488
1511 78 0.0737518
1519 78 0.1514788
1527 78 0.2292058
1535 77 0.0737518
1544 76 0.0737518
1553 74 0.7992038
1561 75 0.2810238
1569 75 0.0737518
1577 75 0.0996608
1586 75 0.1773878
1594 74 0.0737518
1602 74 0.0996608
1611 75 0.1514788
1619 74 0.0478428
1628 74 0.0478428
1636 74 0.1514788
1644 74 0.0996608
1652 72 0.1255698
1661 70 0.7473858
1670 71 0.3069328
1678 71 0.0478428
1686 70 0.0478428
1694 70 0.1514788
1702 69 0.3587508
1710 69 0.0996608
1720 68 0.0996608
1728 68 0.3328418
1736 68 0.0737518
1744 67 0.2032968
1752 66 0.0737518
1761 66 0.3069328
1769 66 0.0737518
1778 66 0.1514788
1786 65 0.0996608
1794 65 0.0737518
1803 65 0.0478428
1811 64 0.1514788
1819 64 0.1255698
1828 64 0.0478428
1836 63 0.0996608
1845 62 0.0996608
1853 61 0.0737518
1861 60 0.9805668
1869 60 0.0219338
1877 60 0.0737518
1887 60 0.1255698
1895 60 0.0478428
1903 59 0.0996608
1911 59 0.0737518
1919 59 0.0478428
1928 59 0.0996608
1936 59 0.0737518
1945 58 0.0737518
1953 56 0.0737518
1961 55 0.9028398
1970 55 0.0996608
1978 55 0.1773878
1986 55 0.0996608
1994 55 0.1255698
2003 54 0.0737518
2012 54 0.0737518
2020 53 0.1773878
2028 53 0.2032968
2036 52 0.0478428
2044 52 0.2551148
2054 51 0.0478428
2062 51 0.0478428
2070 51 0.1514788
2078 51 0.0737518
2086 50 0.0219338
2094 50 0.0478428
2103 49 0.0996608
2112 49 0.0219338
2120 47 0.2292058
2128 47 0.1773878
2136 47 0.0737518
2145 47 0.0737518
2153 46 0.0478428
2161 46 0.0478428
2170 46 0.0996608
2178 45 0.0996608
2187 45 0.1255698
2195 44 0.3069328
2203 44 0.2551148
2211 43 0.1255698
2220 42 0.1773878
2229 43 0.0737518
2237 43 0.0737518
2245 42 0.0737518
2253 42 0.0737518
2261 42 0.0478428
2270 42 0.2032968
2279 42 0.0737518
2287 41 0.1514788
2295 40 0.0737518
2303 40 0.0996608
2312 39 0.2810238
2320 38 0.4105688
2328 37 0.0219338
2337 36 0.1773878
2345 36 0.3328418
2354 36 0.2551148
2362 36 0.0737518
2370 35 0.0219338
2378 35 0.0996608
2387 35 0.2292058
2396 34 0.1773878
2404 34 0.0996608
2412 34 0.0996608
2420 34 0.0737518
2428 34 0.0737518
2436 33 0.0737518
2446 32 0.0996608
2454 32 0.2032968
2462 31 0.2032968
2470 31 0.0996608
2478 30 0.0219338
2487 29 0.1255698
2495 28 0.3069328
2504 29 0.1773878
2512 29 0.1255698
2520 28 0.1255698
2529 28 0.1255698
2537 28 0.0996608
2545 28 0.0737518
2554 27 0.3069328
2562 26 0.0737518
2571 25 0.0478428
2579 25 0.1773878
2587 25 0.0996608
2595 25 0.1514788
2603 24 0.0478428
2613 24 0.0996608
2621 24 0.0737518
2629 24 0.0737518
2637 23 0.1255698
2645 23 0.0478428
2654 21 0.2032968
2662 21 1.4987468
2671 20 0.0478428
2679 20 0.0737518
2687 20 0.3846598
2696 19 0.0219338
2704 19 0.0478428
2712 18 0.1255698
2720 18 0.1773878
2729 18 0.1255698
2738 17 0.0737518
2746 16 0.2810238
2754 16 0.1514788
2762 16 0.0737518
2770 16 0.1255698
2780 15 0.0478428
2788 15 0.0996608
2796 15 0.0737518
2804 14 0.0219338
2812 14 0.0478428
2820 13 0.1514788
2829 13 0.1514788
2838 12 0.0996608
2846 12 0.2032968
2854 12 0.0737518
2862 11 0.0737518
2871 10 0.0737518
2879 10 0.5142048
2887 10 0.0737518
2896 9 0.0737518
2904 9 0.1255698
2913 9 0.0737518
2921 8 0.0737518
2929 8 0.1773878
2937 8 0.0478428
2946 7 0.0996608
2955 6 0.0737518
2963 6 0.2032968
2971 6 0.0478428
2979 5 0.0996608
2987 5 0.2810238
2996 5 0.1255698
3005 4 0.0478428
3013 4 0.0996608
3021 3 0.2551148
3029 2 0.0737518
3038 1 0.2292058
3046 0 0.1773878
3054 1 0.2032968
3063 0 0.1255698
3071 1 0.0737518
3080 1 0.0737518
3088 0 0.0996608
3096 0 0.0478428
3104 0 0.0478428
