0 -1 0.0737518
2 -1 0.0478428
4 -1 0.0219338
7 -1 0.0737518
9 -1 0.0478428
11 -1 0.0478428
14 -1 0.0737518
16 -1 0.0737518
18 -1 0.0737518
21 -1 0.0478428
23 -4 2.9496508
26 -4 2.9755598
29 -4 2.5610158
31 -4 2.8460148
33 -4 2.7423788
36 -3 1.4210198
38 -3 1.7837458
40 -3 2.1982898
43 -2 1.5764738
45 -3 2.3278348
47 -2 1.8614728
50 -2 1.7319278
52 -1 1.6023828
54 -1 1.5764738
57 0 1.7319278
59 0 1.0842028
61 0 1.2914748
64 1 0.9287488
66 1 1.1619298
69 3 0.9546578
72 3 0.7473858
74 4 1.0842028
76 4 1.0582938
79 5 0.9287488
81 6 0.9287488
83 6 0.7992038
86 7 0.6178408
88 8 0.6696588
90 8 0.7214768
93 9 0.4882958
95 10 0.6696588
97 10 0.6955678
100 12 0.4623868
102 12 0.6955678
104 13 0.5142048
107 13 0.6696588
109 15 0.5142048
112 15 0.6178408
115 16 0.4105688
117 16 0.5401138
119 18 0.4364778
122 19 0.2032968
124 20 0.5401138
127 20 0.4105688
129 21 0.3587508
131 22 0.4623868
134 23 0.4364778
136 23 0.3069328
138 24 0.2032968
141 24 0.5142048
143 25 0.3587508
145 26 0.3328418
148 27 0.3328418
150 28 0.1773878
153 29 0.4105688
156 31 0.3846598
158 31 0.3069328
160 32 0.3846598
163 33 0.1773878
165 34 0.0996608
167 34 0.1514788
170 35 0.3846598
172 36 0.3846598
174 38 0.4364778
177 39 0.3069328
179 40 0.2810238
181 41 0.3069328
184 41 0.2032968
186 42 0.1773878
188 42 0.2810238
191 42 0.2551148
193 43 0.3069328
196 44 0.2810238
199 46 0.2292058
201 47 0.3069328
203 48 0.2810238
206 49 0.2292058
208 50 0.2810238
210 51 0.1255698
213 51 0.1255698
215 52 0.1514788
217 53 0.0996608
220 54 0.2551148
222 55 0.3846598
224 56 0.3587508
227 57 0.3846598
229 58 0.3846598
231 59 0.3069328
234 60 0.3069328
236 60 0.2810238
239 61 0.2551148
242 62 0.1773878
244 63 0.2551148
246 64 0.1255698
249 65 0.1255698
251 65 0.3069328
253 66 0.3069328
256 68 0.3587508
258 69 0.2810238
260 70 0.2810238
263 71 0.2551148
265 72 0.2292058
267 72 0.2032968
270 73 0.2551148
272 74 0.2032968
275 74 0.1773878
277 75 0.2551148
279 76 0.0996608
283 78 0.0737518
285 79 0.0996608
287 79 0.0737518
290 80 0.2032968
292 81 0.2551148
294 83 0.3328418
297 83 0.3846598
299 83 0.3587508
301 84 0.3328418
304 86 0.3069328
306 87 0.3069328
308 88 0.3328418
311 88 0.1773878
313 89 0.2551148
315 90 0.1773878
318 92 0.1773878
320 92 0.2032968
322 93 0.1514788
326 94 0.3328418
328 95 0.2810238
330 96 0.2810238
333 98 0.3069328
335 98 0.2292058
337 100 0.2032968
340 100 0.2551148
342 101 0.1773878
344 102 0.1255698
347 103 0.2292058
349 104 0.0737518
351 104 0.1514788
354 105 0.2810238
356 106 0.3587508
358 106 0.3069328
361 108 0.3587508
363 109 0.3069328
365 110 0.3328418
369 111 0.3328418
371 112 0.2551148
373 113 0.2292058
376 114 0.3069328
378 115 0.2551148
380 116 0.2551148
383 116 0.2810238
385 117 0.2032968
387 118 0.1773878
390 119 0.2551148
392 120 0.1773878
394 120 0.1514788
397 121 0.2032968
399 121 0.1255698
401 122 0.3069328
404 123 0.3069328
406 125 0.3069328
410 125 0.3846598
412 127 0.2810238
414 127 0.2810238
417 128 0.3069328
419 128 0.2032968
421 129 0.2551148
424 130 0.2551148
426 131 0.2032968
428 132 0.2032968
431 133 0.2292058
433 133 0.0996608
435 134 0.1255698
438 135 0.1773878
440 136 0.1255698
442 137 0.0996608
445 137 0.1514788
447 138 0.0478428
449 140 0.0737518
453 140 0.0996608
455 141 0.0996608
457 142 0.0737518
460 142 0.0737518
462 143 0.0478428
464 144 0.0219338
467 145 0.0219338
469 145 0.0478428
471 146 0.5660228
474 147 0.3328418
476 148 0.0737518
478 148 0.0737518
481 149 1.4987468
483 148 0.5919318
485 150 1.7319278
488 148 1.2396568
490 151 1.5246558
492 151 1.6801098
496 150 1.0323848
498 153 2.4832888
500 151 2.4832888
503 151 1.8614728
505 153 2.4832888
507 151 1.5505648
510 154 1.6023828
512 152 0.4364778
514 154 1.0323848
517 153 0.3069328
519 154 0.2292058
521 154 0.1255698
524 153 0.0996608
526 153 0.1514788
528 153 0.0737518
531 153 0.0996608
533 153 0.0737518
535 153 0.0996608
539 153 0.1773878
541 152 0.2292058
543 152 0.6178408
546 151 0.2292058
548 153 0.3587508
551 152 0.3846598
553 152 0.1514788
555 152 0.0737518
558 152 0.0478428
560 152 0.0737518
562 153 0.0737518
565 153 0.0996608
567 153 0.0996608
569 153 0.1514788
572 153 0.4623868
574 153 0.2292058
576 153 0.2810238
580 153 0.3069328
582 153 0.0996608
584 153 0.1773878
587 153 0.0737518
589 153 0.1514788
591 153 0.0478428
