0 153 0.0996608
14 153 0.0737518
28 153 0.1255698
41 153 0.0478428
54 153 0.0996608
68 153 0.2032968
81 152 0.0478428
94 152 0.0996608
108 151 0.1255698
121 150 0.2292058
134 150 0.0737518
148 150 0.2292058
161 150 0.0737518
174 149 0.0478428
188 149 0.0996608
201 147 0.2032968
214 147 0.0996608
228 147 0.0478428
241 146 0.0478428
254 145 0.1255698
267 145 0.0219338
281 145 0.0996608
294 145 0.0996608
307 145 0.0737518
321 145 0.0478428
334 145 0.1255698
347 143 0.2032968
361 142 0.6955678
374 142 0.1514788
387 142 0.0737518
401 142 0.0737518
414 142 0.0737518
428 141 0.0737518
442 140 0.0996608
455 139 0.0996608
468 139 0.0478428
481 138 0.1514788
495 138 0.1255698
508 138 0.0737518
521 138 0.0737518
535 137 0.2032968
548 137 0.0478428
561 137 0.0478428
575 137 0.0219338
588 136 0.0737518
601 136 0.0478428
615 135 0.3069328
628 135 0.0478428
641 134 0.0478428
655 134 0.0737518
668 134 -0.0039752
681 133 0.0478428
694 132 0.0996608
708 131 0.3328418
721 131 0.3587508
734 131 0.0737518
748 131 0.1255698
761 131 0.0996608
774 131 0.0219338
788 130 0.1514788
801 128 0.2292058
814 128 0.0737518
828 128 0.0737518
842 128 0.0996608
855 127 0.0478428
869 127 0.0737518
882 127 0.0478428
895 125 0.2810238
908 125 0.0996608
922 124 0.0478428
935 124 0.0996608
948 124 0.0737518
962 124 0.0996608
975 124 0.0737518
988 122 0.0737518
1002 122 0.3846598
1015 121 0.0737518
1028 122 0.0737518
1042 122 0.0737518
1055 122 0.0737518
1068 121 0.2032968
1082 121 0.0478428
1095 121 0.1514788
1108 120 0.2032968
1121 119 0.0996608
1135 119 0.2032968
1148 118 0.0737518
1161 118 0.0996608
1175 117 0.0737518
1188 117 0.0737518
1201 116 0.0737518
1215 115 0.1255698
1228 115 0.0478428
1241 115 0.0996608
1256 115 0.0996608
1269 115 0.1255698
1282 114 0.0478428
1296 113 0.4364778
1309 113 0.0996608
1322 112 0.0737518
1336 112 0.0737518
1349 112 0.0478428
1362 111 0.0737518
1375 110 0.0737518
1389 110 0.0737518
1402 110 0.0737518
1415 110 0.0737518
1429 110 0.2032968
1442 109 0.0737518
1455 108 0.1773878
1469 106 0.2810238
1482 107 0.0478428
1495 107 0.0737518
1509 106 0.0219338
1522 106 0.1255698
1535 107 -0.0039752
1548 104 0.0737518
1562 103 0.1773878
1575 104 0.0737518
1588 104 0.0478428
1602 104 0.0996608
1615 104 0.2292058
1628 104 0.1514788
1642 104 0.0737518
1655 102 0.2551148
1669 101 0.0737518
1683 100 0.0996608
1696 101 0.0737518
1709 101 0.0737518
1723 101 0.1514788
1736 100 0.0478428
1749 100 0.1255698
1763 98 1.5246558
1776 98 0.0996608
1789 98 0.0996608
1802 98 0.0737518
1816 98 0.0478428
1829 96 0.0737518
1842 95 0.4105688
1856 95 0.0478428
1869 95 0.0996608
1882 95 0.0996608
1896 95 0.0737518
1909 94 0.0737518
1922 92 0.2551148
1936 93 0.0737518
1949 93 -0.0039752
1962 93 0.0478428
1976 92 0.0996608
1989 92 0.0478428
2002 91 0.5142048
2015 90 0.1255698
2029 90 0.0737518
2042 90 0.0478428
2055 90 0.1514788
2069 90 0.1255698
2083 89 0.0737518
2096 89 0.0996608
2110 88 0.0737518
2123 87 0.2810238
2136 87 0.0478428
2150 87 0.0478428
2163 86 0.0737518
2176 85 0.4105688
2190 84 0.7992038
2203 84 0.0219338
2216 84 0.0737518
2229 84 0.2032968
2243 84 0.1255698
2256 84 0.0737518
2269 83 0.0737518
2283 82 0.0996608
2296 82 0.0478428
2309 82 0.0737518
2323 81 0.0478428
2336 79 0.4623868
2349 80 0.0996608
2363 79 0.1773878
2376 79 0.0478428
2389 79 0.0737518
2403 79 0.0737518
2416 79 0.0478428
2429 78 0.2032968
2442 76 1.1101118
2456 74 0.2551148
2469 76 0.0737518
2483 76 0.0996608
2497 76 0.0737518
2510 76 0.0996608
2523 75 0.0737518
2537 74 0.2032968
2550 74 0.0737518
2563 74 0.0737518
2577 74 0.0996608
2590 74 0.2032968
2603 74 0.0478428
2617 72 0.3328418
2630 71 0.0478428
2643 71 0.0478428
2656 71 0.0478428
2670 71 0.0737518
2683 70 0.0737518
2696 70 0.0996608
2710 68 0.0737518
2723 67 0.4623868
2736 68 0.0737518
2750 68 0.0737518
2763 68 0.0737518
2776 68 0.0737518
2790 67 0.0737518
2803 65 1.0064758
2816 65 0.2810238
2830 65 0.0737518
2843 65 0.0478428
2856 65 0.0478428
2869 65 0.0478428
2883 64 0.0478428
2896 63 0.0478428
2910 62 0.3069328
2924 61 0.5401138
2937 61 0.1255698
2950 61 0.1255698
2964 61 0.0996608
2977 61 0.0996608
2990 60 0.0478428
3004 60 0.0996608
3017 59 0.0996608
3030 59 0.0996608
3044 59 0.0478428
3057 59 0.0996608
3070 58 0.0478428
3083 56 0.0737518
3097 55 0.3328418
3110 56 0.1255698
3123 56 0.0219338
3137 56 0.0219338
3150 56 0.1514788
3163 55 0.1514788
3177 54 0.0996608
3190 53 0.1255698
3203 53 0.0737518
3217 53 0.0996608
3230 53 0.0996608
3243 52 0.0737518
3257 52 0.1255698
3270 51 0.1255698
3283 51 0.0996608
3296 50 0.0737518
3311 51 0.0737518
3324 50 0.0996608
3337 50 0.0737518
3351 49 0.2032968
3364 48 0.2810238
3377 48 0.3328418
3391 48 0.0478428
3404 48 0.0478428
3417 47 0.0478428
3431 47 0.2032968
3444 46 0.0996608
3457 45 0.5660228
3471 44 0.0996608
3484 44 0.0996608
3497 44 0.0478428
3510 44 0.0996608
3524 45 0.0478428
3537 44 0.0219338
3550 42 0.0996608
3564 42 0.1255698
3577 42 0.1255698
3590 42 0.0737518
3604 41 0.0737518
3617 41 0.0737518
3630 40 0.0996608
3644 39 0.0478428
3657 39 0.2032968
3670 39 0.0478428
3684 39 0.0737518
3697 38 0.1255698
3710 38 0.0478428
3723 37 0.1514788
3738 35 0.2551148
3751 36 0.1255698
3764 36 0.0996608
3778 36 0.0219338
3791 36 0.2032968
3804 35 0.0737518
3818 34 0.3069328
3831 34 0.0996608
3844 34 0.1255698
3858 33 0.0478428
3871 33 0.0996608
3884 32 0.1514788
3898 31 0.0737518
3911 31 0.0219338
3924 30 0.0737518
3937 30 0.1255698
3951 29 0.0478428
3964 29 0.2032968
3977 29 0.0996608
3991 28 0.0996608
4004 28 0.0737518
4017 28 0.0737518
4031 28 0.0996608
4044 28 0.0478428
4057 27 0.0478428
4071 26 0.0478428
4084 25 0.2292058
4097 25 0.0996608
4111 25 0.0737518
4124 25 0.0478428
4138 25 0.0737518
4152 25 0.3587508
4165 24 0.0737518
4178 23 0.0996608
4191 23 0.0478428
4205 23 0.0737518
4218 21 0.0996608
4231 21 0.0737518
4245 20 0.1514788
4258 20 0.0996608
4271 20 0.0478428
4285 20 0.0478428
4298 20 0.0737518
4311 19 0.0478428
4325 18 0.6696588
4338 17 0.5660228
4351 17 0.0737518
4364 17 0.0737518
4378 17 0.0996608
4391 17 0.1773878
4404 16 0.0996608
4418 16 0.1514788
4431 15 0.1773878
4444 14 0.0219338
4458 14 0.1514788
4471 14 0.0737518
4484 14 0.0737518
4498 14 0.1773878
4511 13 0.0478428
4524 13 0.0737518
4538 12 0.0737518
4551 12 0.0996608
4565 11 0.0996608
4579 11 0.1514788
4592 10 0.4364778
4605 9 0.0996608
4618 9 0.1255698
4632 9 0.0478428
4645 9 0.0996608
4658 9 0.0737518
4672 8 0.0478428
4685 8 0.0478428
4698 6 0.4364778
4712 6 0.0737518
4725 6 0.0996608
4738 6 0.0737518
4752 5 0.0996608
4765 5 0.0737518
4778 5 0.0737518
4792 4 0.2032968
4805 2 0.0996608
4818 2 0.1773878
4831 2 0.0478428
4845 2 0.1514788
4858 2 0.0737518
4871 2 0.1255698
4885 1 0.1514788
4898 0 0.0478428
4911 0 0.0737518
4925 0 0.0737518
