0 -2 0.1255698
3 -1 0.3328418
5 -2 0.0737518
7 -1 0.2810238
10 -2 0.0737518
13 -1 0.2551148
15 -1 0.0737518
18 -1 0.3069328
20 -4 2.5869248
22 -4 2.7941968
25 -3 1.5505648
27 -4 2.6646518
29 -4 2.7423788
32 -4 2.6387428
34 -3 2.2760168
36 -3 2.0687448
39 -2 1.8873818
41 -2 1.8355638
43 -2 1.9651088
46 -2 2.0428358
48 -2 2.1723808
50 -2 2.3796528
54 -2 2.0687448
56 -1 1.7060188
58 -1 1.9910178
61 -1 2.3278348
63 0 1.3692018
65 0 1.8355638
68 0 2.1464718
70 0 1.2137478
72 0 1.8614728
75 0 2.3019258
77 1 1.6801098
79 1 2.1723808
82 2 1.6801098
84 2 2.3019258
86 3 1.7319278
89 4 1.5764738
91 4 1.3692018
93 4 1.2655658
97 5 1.1360208
99 5 1.2137478
101 6 1.3173838
104 6 1.4210198
106 6 1.1360208
108 7 1.1101118
111 7 1.3432928
113 8 1.0842028
115 8 1.2396568
118 9 1.0582938
120 9 1.3173838
122 10 1.0323848
125 11 1.3173838
127 11 1.1101118
130 12 1.3173838
132 12 1.0582938
134 12 1.2914748
137 13 1.0323848
140 14 1.2914748
142 14 0.9287488
145 14 1.2396568
147 15 0.8510218
149 15 1.2137478
152 16 0.8251128
154 17 1.1619298
156 18 0.9287488
159 19 1.1878388
161 19 1.0064758
163 20 1.2914748
166 20 1.0842028
168 21 0.8251128
170 21 1.1360208
173 22 1.0323848
175 23 0.8251128
177 23 0.9546578
180 23 1.0842028
183 24 1.0064758
185 24 0.9028398
188 25 0.8510218
190 26 0.7473858
192 27 0.7214768
195 27 1.0582938
197 28 1.0064758
199 29 0.9805668
202 30 0.9546578
204 31 0.9028398
206 31 0.9028398
209 31 0.8251128
211 32 0.7732948
213 33 0.6696588
216 33 1.0582938
218 34 0.9805668
220 34 1.0064758
223 35 0.9546578
226 36 0.9546578
228 37 0.9028398
231 38 0.7992038
233 39 0.7473858
235 39 0.7214768
238 40 1.0064758
240 40 1.0323848
242 41 1.0064758
245 41 0.9028398
247 42 0.9287488
249 42 0.9028398
252 42 0.8769308
254 43 0.8510218
256 44 0.8769308
259 45 0.9028398
261 46 0.9028398
263 47 0.9028398
266 47 0.9028398
269 48 0.9028398
271 49 0.8510218
274 49 0.8769308
276 50 0.8510218
278 51 0.9028398
281 51 0.8769308
283 52 0.9028398
285 53 0.8251128
288 53 0.9287488
290 54 0.9028398
293 55 0.8769308
295 56 0.8510218
297 57 0.8510218
300 58 0.7732948
302 59 0.7214768
304 59 0.6696588
307 59 0.6696588
310 59 0.9028398
312 60 0.9805668
315 61 1.0064758
317 61 0.9287488
319 63 0.9546578
322 63 0.9028398
324 64 0.9287488
326 64 0.9028398
329 65 0.9287488
331 65 0.9287488
333 66 0.9028398
336 67 0.8510218
338 68 0.8769308
340 69 0.8769308
343 70 0.9028398
345 70 0.9287488
347 71 0.9028398
350 71 0.9546578
353 72 0.7732948
355 73 0.6437498
358 73 0.6178408
360 74 0.5919318
362 74 0.6696588
365 75 0.6696588
367 75 0.6178408
369 77 0.6955678
372 78 0.6955678
374 78 0.6955678
376 79 0.6437498
379 80 0.6696588
381 81 0.7214768
383 81 1.0323848
386 82 0.9805668
388 83 0.9546578
390 83 1.0064758
393 83 0.8769308
396 84 0.9546578
398 85 0.8510218
401 86 0.9028398
403 87 0.8510218
405 88 0.8510218
408 88 0.8769308
410 89 0.8769308
412 89 0.8510218
415 90 0.8769308
417 91 0.7992038
419 92 0.9028398
422 93 0.8510218
424 93 0.8769308
427 94 0.9028398
429 95 0.9287488
431 95 0.8510218
434 96 0.9028398
436 97 0.8510218
439 98 0.9287488
442 98 0.8251128
444 99 0.9028398
446 100 0.8251128
449 100 0.8510218
451 101 0.6955678
453 102 0.7473858
456 102 0.6437498
458 103 1.0582938
460 104 0.9805668
463 104 1.0064758
465 104 0.9028398
467 106 0.9287488
470 106 0.9287488
472 107 0.8251128
474 108 0.8510218
477 108 0.8510218
479 109 0.8510218
482 109 0.8510218
485 110 0.8251128
487 112 0.8251128
489 112 0.7992038
492 113 0.8251128
494 113 0.8510218
496 114 0.8251128
499 115 0.8510218
501 115 0.8769308
503 116 0.8251128
506 117 0.9546578
508 117 0.9287488
510 118 0.9028398
513 118 0.9287488
515 119 0.9028398
517 119 0.9028398
520 120 0.9287488
522 121 0.9546578
525 121 0.9287488
528 121 0.8769308
530 122 0.9546578
532 123 0.9028398
535 124 0.9028398
537 125 0.9287488
539 125 0.8251128
542 126 0.8510218
544 126 0.7732948
546 127 0.7732948
549 127 0.7214768
551 128 0.9805668
553 128 1.0323848
556 129 0.9805668
558 129 0.9287488
560 130 0.9028398
563 130 0.9028398
566 131 0.9028398
568 132 0.9028398
571 133 0.7992038
573 133 0.8510218
576 134 0.8251128
578 134 0.8510218
580 135 0.8251128
583 136 0.8251128
585 136 0.7992038
587 137 0.7732948
590 138 0.7732948
592 139 0.7732948
594 139 0.7732948
597 140 0.0996608
599 141 0.1255698
601 142 0.0737518
604 142 0.0996608
606 142 0.2551148
609 142 0.4623868
612 144 0.3846598
614 144 0.1255698
616 145 0.1773878
619 145 0.0996608
621 145 0.0996608
623 146 0.0996608
626 146 0.0996608
628 147 0.0478428
630 148 0.1255698
633 148 0.0478428
635 149 0.0478428
637 149 0.4623868
640 148 0.1255698
642 150 0.2810238
644 150 0.1255698
647 150 0.6178408
649 149 0.1255698
652 151 0.2032968
655 151 0.0996608
657 152 0.3328418
659 152 0.1255698
662 152 0.9028398
664 152 0.5660228
666 152 0.4364778
669 153 0.5401138
671 152 0.3069328
673 153 0.4105688
676 153 0.2292058
678 153 0.2810238
680 153 0.0996608
683 153 0.0737518
685 153 0.0219338
687 153 0.0478428
690 153 0.0478428
