0 -2 0.2292058
3 -2 0.0996608
5 -2 0.1514788
7 -2 0.0478428
10 -2 0.1514788
12 -2 0.0737518
14 -2 0.1514788
17 -2 0.0996608
19 -2 0.1255698
21 -2 0.1773878
24 -2 0.1255698
26 -5 2.9237418
28 -5 2.9237418
31 -4 2.1205628
34 -5 2.8460148
37 -4 2.4314708
39 -4 1.8614728
41 -4 1.7578368
44 -3 1.8355638
46 -3 1.9391998
48 -3 2.2241988
51 -3 2.5351068
53 -2 1.7837458
55 -2 2.2501078
58 -2 1.6542008
60 -2 2.2501078
62 -1 1.7060188
65 -1 2.1205628
67 0 1.8614728
69 0 1.5764738
72 0 1.2914748
74 0 2.0169268
77 0 1.8096548
80 0 1.6282918
82 1 1.5764738
84 2 1.5764738
87 3 1.5764738
89 3 1.6801098
91 4 1.0064758
94 4 1.2137478
96 4 1.3173838
98 5 1.0582938
101 6 1.2655658
103 6 1.0842028
105 7 0.8510218
108 7 1.1360208
110 8 1.0323848
112 9 1.0064758
115 9 0.9546578
117 10 0.9028398
120 11 0.8510218
123 11 0.7992038
125 12 0.7992038
127 12 0.7992038
130 13 0.7473858
132 14 0.6955678
134 15 0.6696588
137 14 0.6696588
139 15 0.6178408
141 15 0.7473858
144 17 0.6437498
146 17 0.8769308
148 19 0.8510218
151 19 0.9546578
153 20 0.9028398
155 20 0.9546578
158 21 0.7473858
160 22 0.6696588
163 23 0.5919318
166 23 0.6955678
168 24 0.5919318
170 24 0.7732948
173 24 0.7214768
175 25 0.8510218
177 27 0.5919318
180 28 0.6696588
182 28 0.7473858
184 29 0.4882958
187 30 0.6437498
189 31 0.5919318
191 31 0.7473858
194 32 0.3587508
196 33 0.7214768
199 33 0.6696588
201 34 0.5401138
203 35 0.6696588
207 35 0.7732948
209 37 0.5660228
211 38 0.6437498
214 39 0.7473858
216 39 0.3328418
218 40 0.6955678
221 40 0.6178408
223 41 0.6955678
225 42 0.5660228
228 42 0.6696588
230 42 0.7992038
232 43 0.4882958
235 44 0.6955678
237 45 0.7473858
239 46 0.5401138
242 47 0.4623868
244 47 0.7732948
247 49 0.4882958
250 49 0.6178408
252 50 0.7732948
254 51 0.3328418
257 51 0.6696588
259 51 0.6437498
261 53 0.5401138
264 54 0.4623868
266 55 0.7732948
268 56 0.5142048
271 56 0.6437498
273 58 0.7473858
275 58 0.4882958
278 59 0.6955678
280 59 0.7214768
282 59 0.5660228
285 61 0.5142048
287 61 0.7473858
290 62 0.4882958
293 63 0.6696588
295 64 0.7473858
297 64 0.4623868
300 65 0.6437498
302 66 0.6696588
304 67 0.5401138
307 68 0.4623868
309 69 0.7214768
311 70 0.4882958
314 71 0.5919318
316 71 0.7732948
318 72 0.4105688
321 72 0.7214768
323 73 0.1773878
326 74 0.6437498
328 74 0.5660228
330 75 0.4882958
334 75 0.5919318
336 76 0.7732948
338 78 0.5401138
341 78 0.6955678
343 79 0.7473858
345 80 0.4105688
348 81 0.6696588
350 82 0.6955678
352 83 0.4623868
355 83 0.6955678
357 83 0.7214768
359 84 0.5401138
362 86 0.5660228
364 86 0.7214768
366 88 0.2551148
369 88 0.6437498
371 88 0.6437498
373 89 0.5401138
377 90 0.5660228
379 91 0.6955678
381 92 0.4882958
384 93 0.5401138
386 93 0.7473858
388 94 0.2292058
391 95 0.6437498
393 96 0.5919318
395 97 0.4882958
398 98 0.6178408
400 99 0.7214768
402 99 0.4882958
405 100 0.5401138
407 100 0.7214768
409 101 0.7214768
412 102 0.6178408
414 103 0.5919318
416 104 0.7992038
420 104 0.4882958
422 105 0.5660228
424 106 0.6696588
427 106 0.6955678
429 107 0.5660228
431 108 0.6178408
434 109 0.7473858
436 110 0.4105688
438 110 0.6955678
441 111 0.6696588
443 113 0.5142048
445 113 0.6696588
448 114 0.2810238
450 115 0.5919318
452 115 0.6437498
455 116 0.5401138
457 117 0.4882958
459 117 0.7473858
463 118 0.5401138
465 119 0.6178408
467 119 0.5142048
470 120 0.4882958
472 120 0.7473858
475 121 0.3328418
477 121 0.6437498
479 122 0.6178408
482 123 0.6955678
484 124 0.5660228
486 125 0.6955678
489 126 0.6955678
491 127 0.5401138
493 127 0.6955678
496 127 0.7473858
498 128 0.5660228
500 128 0.5919318
504 129 0.7992038
506 130 0.7214768
508 131 0.5660228
511 131 0.7214768
513 132 0.7473858
515 132 0.5660228
518 133 0.5660228
520 134 0.7473858
522 135 0.3069328
525 135 0.6955678
527 136 0.6178408
529 137 0.4882958
532 137 0.6178408
534 138 0.7214768
536 139 0.5401138
539 140 0.1773878
541 141 0.1773878
543 142 0.0737518
547 142 0.0996608
549 142 0.0996608
551 143 0.0996608
554 144 0.0996608
556 145 0.1255698
558 145 0.0737518
561 145 0.0737518
563 146 0.0219338
565 147 0.0737518
568 147 0.0478428
570 148 0.0996608
572 147 0.2032968
575 149 0.4364778
577 149 0.4364778
579 150 0.5660228
582 148 0.7732948
584 149 0.6955678
586 151 0.9546578
590 151 0.2292058
592 152 1.5505648
594 150 1.0323848
597 153 2.1982898
599 151 1.2914748
601 152 1.7578368
604 153 1.2655658
606 152 0.5660228
609 153 0.6437498
611 153 0.2032968
613 153 0.1255698
616 153 0.0478428
618 153 0.0737518
620 153 0.0478428
623 153 0.0219338
625 153 0.0996608
627 153 0.0737518
631 153 0.0996608
633 152 0.1514788
635 152 0.2551148
638 151 0.2032968
640 152 0.3587508
642 152 0.3846598
645 152 0.1773878
647 152 0.2810238
649 152 0.0996608
652 152 0.1255698
654 152 0.0737518
656 152 0.0737518
659 152 0.0478428
661 153 0.0737518
663 153 0.0996608
666 153 0.0478428
668 153 0.2810238
670 153 0.1255698
