0 153 0.0737518
8 152 0.0478428
17 152 0.0478428
25 153 0.0996608
34 153 0.0737518
42 153 0.0996608
50 153 0.1514788
59 152 0.0478428
67 152 0.4364778
75 152 0.0996608
84 151 0.3069328
92 151 0.1514788
101 150 0.0996608
109 150 0.0737518
117 150 0.0219338
125 149 0.5401138
133 149 0.0478428
143 149 0.1773878
151 148 0.0996608
159 148 0.1255698
167 147 0.0996608
175 145 0.6437498
184 145 0.1773878
192 145 0.0219338
201 145 0.0478428
209 145 0.0996608
217 145 0.0737518
226 145 0.7473858
234 144 0.1255698
242 144 0.6437498
251 143 0.0478428
259 141 0.2292058
268 141 0.3069328
276 141 0.0996608
284 140 0.2032968
292 140 0.1255698
300 140 0.1255698
310 140 0.0478428
318 140 0.0737518
326 140 0.1773878
334 139 0.0478428
342 138 0.4105688
350 137 0.6437498
359 137 0.2810238
368 136 0.0996608
376 136 0.0996608
384 136 0.0996608
392 136 0.3328418
401 136 0.0996608
409 136 0.6437498
418 135 0.0996608
426 134 0.3846598
434 134 0.0219338
443 133 0.3587508
451 132 0.0737518
459 131 0.1255698
467 131 -0.0039752
476 131 0.0478428
485 131 0.1514788
493 131 0.2032968
501 131 0.3846598
509 131 0.3069328
517 130 0.0737518
526 129 0.4623868
535 129 0.1514788
543 128 0.0737518
551 127 0.0996608
559 127 0.0737518
568 127 0.1514788
576 127 0.0478428
585 127 0.5401138
593 126 0.0996608
601 125 0.0737518
610 125 0.0219338
618 124 0.0478428
626 122 0.1514788
634 121 1.6023828
643 121 0.1773878
652 121 0.0996608
660 121 0.0737518
668 121 0.1255698
676 122 0.1773878
684 122 0.4882958
692 121 0.1255698
702 121 0.0478428
710 120 0.0737518
718 120 0.0478428
726 119 0.3328418
734 119 0.0478428
743 118 0.2551148
752 118 0.0996608
760 117 0.0737518
768 117 0.0737518
776 116 0.0737518
785 116 0.2292058
793 115 0.0737518
801 114 0.2032968
810 114 0.3328418
818 113 0.1255698
827 113 0.1255698
835 113 0.0478428
843 113 0.5401138
851 113 0.2292058
859 113 0.2032968
869 112 0.0478428
877 111 0.3328418
885 110 0.3069328
893 110 0.2810238
901 109 0.0996608
910 109 0.0996608
919 109 0.0737518
927 109 0.1255698
935 109 0.0737518
943 108 0.3069328
952 108 0.1255698
960 107 0.0478428
968 106 0.1514788
977 106 0.0478428
985 104 0.2032968
994 104 1.4469288
1002 104 0.1773878
1010 104 0.0996608
1018 104 0.0737518
1026 104 0.5660228
1036 104 0.2032968
1044 103 0.3069328
1052 104 0.3069328
1060 102 0.2292058
1068 102 0.3328418
1076 100 1.0582938
1086 100 0.0478428
1094 100 0.0737518
1102 100 0.0478428
1110 100 0.0737518
1118 100 0.0737518
1127 99 0.1255698
1135 99 0.0478428
1144 98 0.4105688
1152 97 0.0737518
1160 96 0.9546578
1169 95 0.1514788
1177 95 0.3328418
1185 95 0.1255698
1193 95 0.5660228
1202 95 0.1773878
1211 95 0.6437498
1219 95 0.0737518
1227 93 0.3328418
1235 93 0.2551148
1243 92 0.2551148
1252 92 0.0478428
1261 91 0.0737518
1269 90 0.0996608
1277 90 0.0996608
1285 90 0.0996608
1294 90 0.2032968
1302 90 0.0737518
1311 90 0.2032968
1319 90 0.1255698
1327 89 0.2032968
1336 89 0.1255698
1344 88 0.1514788
1352 88 0.0996608
1360 87 0.1255698
1369 87 0.0737518
1378 86 0.0737518
1386 85 0.1255698
1394 83 0.2032968
1402 84 0.8510218
1410 84 0.1255698
1419 84 0.0996608
1428 84 0.1514788
1436 84 0.0996608
1444 84 0.5919318
1452 83 0.2551148
1460 83 0.6178408
1469 83 0.0478428
1478 82 0.0737518
1486 80 0.4364778
1494 78 0.2292058
1502 79 0.0219338
1511 78 0.2292058
1519 78 0.0996608
1527 78 0.0478428
1536 79 0.2032968
1544 78 0.4105688
1553 78 0.3328418
1561 77 0.0737518
1569 75 2.1723808
1577 75 0.5401138
1585 75 0.0996608
1595 75 0.0478428
1603 75 0.3328418
1611 75 0.2032968
1619 74 0.3069328
1627 75 0.6178408
1636 74 0.0996608
1645 74 0.4623868
1653 73 0.0478428
1661 71 0.3328418
1669 71 0.3328418
1678 71 0.0478428
1686 70 0.0996608
1694 70 0.0996608
1703 70 0.3069328
1711 69 0.0478428
1720 69 0.1255698
1728 69 0.0996608
1736 69 0.0996608
1744 68 0.0737518
1752 67 0.0219338
1762 65 0.1514788
1770 65 0.0737518
1778 65 0.6437498
1786 65 0.0737518
1794 65 0.0737518
1803 65 0.3069328
1812 65 0.4882958
1820 65 0.4364778
1828 64 0.5142048
1836 64 0.0478428
1844 63 0.0737518
1853 62 0.0737518
1861 60 0.4623868
1870 60 0.1255698
1878 60 0.1514788
1886 60 0.0478428
1895 60 0.0478428
1903 60 0.0478428
1911 60 0.1255698
1919 60 0.1514788
1928 59 0.3587508
1937 59 0.0478428
1945 59 0.3846598
1953 58 0.0737518
1961 56 0.5401138
1969 55 0.1514788
1978 55 0.5142048
1987 55 0.1255698
1995 55 0.0219338
2003 55 0.0737518
2011 55 0.1514788
2020 54 0.0737518
2028 53 0.3069328
2037 53 0.1255698
2045 52 0.4105688
2053 52 0.2292058
2062 51 0.1514788
2070 51 0.0478428
2078 51 0.0737518
2086 51 0.2810238
2095 51 0.0996608
2104 50 0.0737518
2112 50 0.0737518
2120 49 0.0219338
2128 48 0.3587508
2136 47 1.0842028
2145 46 0.2810238
2154 46 0.0737518
2162 46 0.0478428
2170 46 0.3069328
2178 46 0.0996608
2187 46 0.2032968
2195 45 0.3069328
2204 44 0.1255698
2212 44 0.1514788
2220 43 0.2032968
2228 43 0.0478428
2237 42 0.0737518
2245 42 0.0996608
2253 43 0.1255698
2262 42 0.1255698
2270 42 0.3846598
2279 42 0.0996608
2287 41 0.1773878
2295 41 0.2551148
2303 40 0.2032968
2311 39 0.0737518
2321 38 0.4623868
2329 38 0.0996608
2337 37 0.0996608
2345 37 0.0996608
2353 37 0.0219338
2362 36 0.0996608
2371 36 0.1773878
2379 35 0.4105688
2387 34 0.0478428
2395 34 0.1255698
2404 34 0.1255698
2412 34 0.2551148
2420 34 0.1255698
2429 34 0.2032968
2437 34 0.1255698
2446 33 0.0996608
2454 32 0.0219338
2462 31 0.3328418
2470 31 0.2551148
2478 30 0.2551148
2488 29 0.0996608
2496 28 0.0996608
2504 29 0.1255698
2512 29 0.2032968
2520 29 0.1514788
2529 29 0.0737518
2538 29 0.1514788
2546 28 0.1773878
2554 28 0.0737518
2562 27 0.1773878
2571 26 0.0478428
2579 25 0.2810238
2587 25 0.0737518
2596 25 0.0737518
2604 25 0.0478428
2612 25 0.2551148
2621 25 0.0737518
2629 24 0.1514788
2637 24 0.0478428
2645 23 0.1773878
2654 23 0.1255698
2663 22 0.1773878
2671 21 0.2551148
2679 21 0.0737518
2687 20 0.1255698
2695 20 0.0996608
2705 20 0.0478428
2713 19 0.0996608
2721 18 0.0737518
2729 18 0.0737518
2737 16 0.3328418
2746 16 0.0996608
2754 16 0.2810238
2763 16 0.0737518
2771 16 0.1255698
2779 16 0.5401138
2788 16 0.2032968
2796 16 0.1773878
2804 16 0.5401138
2812 15 0.0737518
2821 14 0.0996608
2830 13 0.1773878
2838 13 0.1514788
2846 12 0.2032968
2854 12 0.0996608
2862 12 0.0478428
2871 11 0.0478428
2880 11 0.0737518
2888 10 0.2292058
2896 10 0.0478428
2904 9 0.4105688
2913 9 0.0737518
2921 8 0.0478428
2930 8 0.0219338
2938 8 0.0478428
2946 7 0.2292058
2955 7 0.0737518
2963 6 0.1255698
2971 6 0.0737518
2979 6 0.0737518
2988 5 0.0737518
2996 5 0.0478428
3005 5 0.5660228
3013 4 0.0737518
3021 4 0.0478428
3029 3 0.1255698
3037 2 0.5401138
3047 1 0.2292058
3055 1 0.2292058
3063 1 0.1255698
3071 1 0.0478428
3079 0 0.0478428
3088 0 0.3069328
3097 0 0.1255698
3105 0 0.2292058
3113 0 0.1514788
