0 153 0.0219338
3 152 0.0478428
5 153 -0.0039752
7 153 0.0219338
9 153 0.0737518
12 153 0.0737518
14 153 0.0478428
16 152 0.0219338
19 153 0.0219338
22 153 0.0996608
24 153 0.0219338
26 152 0.0219338
29 153 0.0219338
31 152 0.3846598
33 153 1.4210198
36 151 0.8510218
38 151 0.6955678
40 152 0.4364778
42 152 0.4364778
45 152 0.7473858
47 152 0.6178408
49 152 0.3069328
52 149 1.8355638
54 150 1.9391998
56 150 1.6282918
59 150 1.0582938
61 150 0.9805668
64 150 0.6178408
66 150 0.0996608
69 150 0.0737518
71 149 1.0582938
73 148 1.5246558
76 148 1.2655658
78 148 0.3069328
80 148 0.3587508
82 148 0.2032968
85 147 0.1514788
87 147 0.0219338
89 146 0.0737518
92 144 1.2137478
94 144 1.3173838
96 145 0.0996608
98 145 0.0478428
101 145 0.0737518
103 144 0.0996608
105 144 0.1255698
109 143 0.0996608
111 142 0.7473858
113 141 1.2137478
115 140 0.4623868
118 141 0.0737518
120 141 0.0478428
122 140 0.0737518
125 140 0.0478428
127 138 0.5142048
129 138 0.6437498
132 136 1.3173838
134 136 1.1360208
136 136 0.7214768
138 135 0.1255698
141 134 0.2292058
143 135 0.4882958
145 134 1.0323848
148 134 0.6955678
151 133 0.8251128
153 132 1.6282918
155 133 0.3846598
158 133 0.0996608
160 132 0.0737518
162 132 0.0478428
165 131 0.0478428
167 130 0.1514788
169 130 0.2032968
171 129 1.4469288
174 128 1.4987468
176 130 0.0996608
178 129 0.0996608
181 129 0.0737518
183 128 0.0737518
185 128 0.0996608
187 128 0.0219338
190 127 0.8510218
193 126 1.1619298
195 127 0.6437498
198 127 0.0219338
200 125 0.0478428
202 125 0.0737518
205 125 0.0996608
207 123 0.1255698
209 123 0.2810238
211 121 1.4469288
214 120 1.5246558
216 121 1.2914748
218 121 1.3432928
221 119 0.2032968
223 119 0.2032968
225 120 0.3846598
227 119 0.4623868
230 118 1.1360208
232 118 1.2137478
235 118 0.0996608
238 118 0.0219338
240 118 0.0737518
242 117 0.0478428
244 117 0.0737518
247 117 0.0737518
249 116 0.0478428
251 115 1.1878388
254 114 1.3173838
256 115 0.0737518
258 115 0.0996608
260 115 0.0737518
263 114 0.0219338
265 114 0.0996608
267 113 0.0737518
270 112 1.0064758
272 112 1.2655658
274 111 0.0996608
278 111 0.1255698
280 110 0.3069328
282 110 1.5505648
284 109 1.4987468
287 107 0.8251128
289 106 -1.5844242
291 106 1.6801098
294 105 2.1205628
296 106 0.5660228
298 106 0.7732948
300 105 0.3328418
303 104 0.0737518
305 104 2.2760168
307 102 1.9651088
310 103 1.0842028
312 102 1.1878388
314 104 0.9028398
316 103 0.3846598
320 102 0.2032968
322 102 0.1255698
324 102 0.1255698
327 101 0.7992038
329 102 -0.1853382
331 99 1.4728378
333 100 1.2655658
336 100 0.1514788
338 100 0.0737518
340 100 0.0737518
343 100 0.0478428
345 100 0.1255698
347 100 0.0737518
350 98 1.4987468
352 97 1.5246558
354 98 0.2551148
356 98 0.0996608
359 98 0.0478428
361 96 0.0737518
364 96 0.0219338
367 95 0.0737518
369 95 0.6955678
371 93 1.6282918
373 92 1.4728378
376 93 0.0478428
378 93 0.0737518
380 92 0.5919318
383 91 0.6955678
385 89 0.2292058
387 89 0.4364778
389 89 1.1101118
392 89 1.6282918
394 89 0.1255698
396 88 0.0996608
399 89 0.1773878
401 88 0.2292058
403 88 0.0737518
407 87 0.0219338
409 86 1.0582938
411 85 1.4469288
413 84 1.9132908
416 85 0.0737518
418 84 0.0478428
420 84 1.4987468
423 83 1.3173838
425 83 0.4882958
427 82 0.4105688
429 82 1.4728378
432 81 1.3951108
434 82 0.2032968
436 82 0.0737518
439 82 0.0737518
441 82 0.0219338
443 82 0.0996608
445 81 0.0737518
449 80 0.0478428
451 80 0.0996608
453 80 0.6437498
456 79 1.1101118
458 78 1.0582938
460 79 0.0996608
462 78 0.0478428
465 78 0.0996608
467 78 0.0737518
469 77 0.0996608
472 76 0.0737518
474 74 1.4728378
476 74 1.5246558
479 74 0.3587508
481 74 0.4364778
483 74 0.0219338
485 74 0.1255698
488 73 0.0996608
491 73 0.2032968
493 71 0.5401138
496 70 1.2396568
498 70 1.4469288
500 71 0.9805668
502 70 0.4882958
505 70 0.0737518
507 70 0.0478428
509 69 0.1514788
512 69 0.1514788
514 68 1.2655658
516 67 0.9546578
518 68 0.0737518
521 68 0.0996608
523 67 0.0219338
525 67 0.0737518
528 66 0.1514788
530 66 0.2551148
532 65 0.4623868
536 63 1.2914748
538 63 -0.6257912
540 65 0.2032968
542 64 0.2810238
545 64 0.0737518
547 64 0.0478428
549 63 0.0996608
552 63 0.0996608
554 61 1.3951108
556 61 1.8096548
558 62 0.1773878
561 61 0.0478428
563 61 0.2292058
565 60 0.0996608
568 59 0.3587508
570 59 0.4105688
572 58 1.0582938
574 57 2.2241988
578 59 0.7732948
580 58 0.1255698
582 58 0.0737518
585 57 0.0737518
587 56 0.1514788
589 56 0.4364778
591 55 0.7992038
594 53 1.8096548
596 53 1.7578368
598 53 0.0478428
601 53 0.0478428
603 53 0.4623868
605 51 0.1514788
607 52 0.2551148
610 51 0.3328418
612 51 1.1101118
614 50 1.6023828
617 51 0.3069328
620 51 0.0478428
622 50 0.0478428
625 50 0.0219338
627 50 0.0996608
629 49 0.0478428
631 49 0.0737518
634 46 1.4210198
636 46 1.3951108
638 47 0.0478428
641 47 0.0478428
643 46 0.0737518
645 45 0.2292058
647 45 0.4105688
650 44 0.3069328
652 43 0.9805668
654 42 1.7060188
657 43 0.0737518
659 43 0.0478428
662 42 0.0996608
664 42 0.3846598
667 42 0.4882958
669 41 0.0478428
671 41 0.0219338
674 40 1.3692018
676 40 1.2655658
678 40 0.0996608
681 40 0.0737518
683 39 0.0996608
685 39 0.1255698
687 38 0.0996608
690 38 0.0996608
692 36 1.0064758
694 36 1.3173838
697 36 0.0478428
699 36 0.0737518
701 35 0.1514788
704 34 0.4105688
707 34 0.1514788
709 34 0.4882958
711 34 -0.9626082
714 32 1.3173838
716 31 1.1619298
718 32 0.0737518
720 31 0.0737518
723 31 0.2810238
725 31 0.0737518
727 30 0.1514788
730 29 0.2551148
732 28 1.0842028
734 27 1.6542008
736 28 0.2032968
739 28 0.4105688
741 27 0.5401138
743 26 0.2551148
747 25 0.3069328
749 25 0.8510218
751 26 -0.1076112
754 24 1.2655658
756 23 1.3951108
758 25 0.0737518
760 24 0.0737518
763 24 0.0996608
765 24 0.0478428
767 24 0.0996608
770 23 0.0478428
772 22 1.4210198
774 22 1.2914748
776 23 0.6178408
779 23 0.3328418
781 22 0.2292058
783 21 0.4364778
786 21 0.0737518
788 21 0.0996608
791 20 0.5660228
793 19 1.1619298
796 19 1.2914748
798 19 0.1255698
800 19 0.0996608
803 18 0.0737518
805 17 0.0737518
807 16 0.5401138
810 14 0.2551148
812 14 1.4728378
814 14 1.5505648
816 15 0.0996608
819 14 0.0737518
821 13 0.1255698
823 13 0.2032968
826 12 0.7992038
828 10 0.7732948
830 12 0.4623868
833 10 1.4210198
836 10 1.8096548
838 11 0.0996608
840 10 0.0996608
843 9 0.0478428
845 9 0.0996608
847 8 1.3432928
849 8 0.6437498
852 7 1.4210198
854 7 1.2655658
856 8 0.0737518
859 7 0.0737518
861 7 0.0478428
863 6 0.0737518
865 6 0.0737518
868 6 0.0478428
870 5 1.0064758
872 4 1.4469288
876 4 0.6178408
878 5 0.0996608
880 4 0.1255698
883 4 0.1773878
885 3 0.0737518
887 3 0.0737518
889 2 0.0737518
892 1 0.6437498
894 1 0.4364778
896 1 0.9805668
899 0 0.3587508
901 0 0.3069328
