0 151 0.3069328
2 151 0.7214768
5 151 0.5142048
7 151 0.2551148
9 151 0.4882958
11 152 0.2292058
15 152 0.0478428
17 151 0.0478428
19 152 0.1255698
22 152 0.1255698
24 152 0.0478428
26 151 0.0478428
28 152 0.0737518
31 151 0.0478428
33 151 0.1773878
35 151 0.4882958
38 151 0.5919318
40 151 0.1773878
42 150 0.1773878
45 150 0.0478428
47 151 0.2551148
49 151 0.0737518
51 150 0.7473858
54 149 1.0323848
57 149 0.5401138
59 150 0.7992038
62 149 0.3069328
64 149 0.3069328
66 150 0.4882958
68 149 0.1514788
71 149 0.0478428
73 147 1.6801098
75 147 1.1878388
78 148 0.5919318
80 147 0.2292058
82 147 0.1773878
85 147 0.1773878
87 146 0.0219338
89 146 0.0478428
91 144 0.7992038
94 144 1.0582938
96 145 0.2810238
99 144 0.0219338
102 145 0.0737518
104 144 0.3069328
106 143 0.3846598
108 143 0.0478428
111 142 0.0737518
113 141 1.2396568
115 141 0.9028398
118 141 0.0996608
120 141 0.0219338
122 140 0.0478428
124 139 0.0996608
127 139 0.1255698
129 137 0.0737518
131 137 0.6178408
134 136 1.1101118
136 135 0.0996608
138 136 0.1773878
141 135 1.0842028
144 134 0.7214768
146 132 0.4105688
148 134 0.4882958
151 133 0.9028398
153 131 1.0842028
155 131 0.6696588
158 131 1.3432928
160 130 1.0582938
162 128 0.4364778
164 128 0.8510218
167 129 1.1878388
169 127 0.6178408
171 128 0.3846598
174 127 0.3846598
176 127 0.0478428
178 127 0.0219338
180 127 0.0996608
184 126 0.1255698
186 126 0.1514788
188 125 0.3069328
191 125 0.2551148
193 124 0.4623868
195 123 0.4364778
197 123 0.2292058
200 123 0.4364778
202 120 0.6437498
204 120 1.5246558
207 121 2.0946538
209 119 1.4469288
211 120 0.4364778
214 120 0.3328418
216 120 0.0737518
218 120 0.1773878
220 120 -0.0039752
223 119 0.0737518
225 119 0.0737518
228 119 0.2292058
231 118 0.0478428
233 117 0.9287488
235 117 0.9805668
237 117 0.0737518
240 117 0.0996608
242 116 0.0478428
244 116 0.0219338
247 115 0.5660228
249 115 0.1773878
251 114 0.6178408
253 113 0.8769308
256 113 0.1255698
258 113 0.0737518
260 112 0.1773878
263 112 0.4364778
265 111 0.1773878
267 110 0.4623868
270 110 -1.1957892
273 109 0.9546578
275 108 0.7214768
277 109 0.3587508
280 108 0.7214768
282 108 0.1514788
284 107 0.1514788
287 106 1.4728378
289 106 1.0064758
291 106 0.7214768
293 105 0.4623868
296 105 0.0478428
298 105 0.0219338
300 103 0.2810238
303 103 0.7214768
305 104 1.1101118
307 104 1.1101118
309 105 -0.7294272
313 102 0.7473858
315 102 0.5919318
317 102 0.1514788
320 102 0.0996608
322 100 0.3587508
324 101 0.7214768
326 100 1.1101118
329 99 0.2810238
331 99 0.6437498
333 99 0.4623868
336 99 0.0737518
338 99 0.0996608
340 98 0.0478428
343 98 0.0478428
345 98 0.4364778
347 97 0.3328418
349 98 -0.0557932
352 95 1.2137478
355 95 1.0582938
357 95 0.0219338
360 95 0.0478428
362 95 0.3328418
364 95 0.4364778
366 94 0.0219338
369 93 0.0737518
371 93 0.9028398
373 92 0.8510218
376 92 0.2032968
378 91 0.0737518
380 91 1.1360208
382 90 1.6801098
385 89 0.8510218
387 88 0.5401138
389 89 0.0737518
392 88 1.1360208
394 87 1.1878388
397 89 0.0478428
399 88 0.0737518
402 88 0.0737518
404 87 0.0478428
406 86 0.0737518
409 86 0.1773878
411 85 0.8251128
413 83 0.7214768
416 84 1.2396568
418 84 1.5246558
420 83 0.4623868
422 82 0.3069328
425 82 0.6178408
427 82 0.4364778
429 82 0.2810238
432 81 0.6955678
434 81 0.4364778
436 81 0.0996608
438 80 0.0478428
442 79 0.0996608
444 80 0.1773878
446 79 0.8510218
449 78 0.6955678
451 78 0.8510218
453 77 0.6437498
455 78 0.0737518
458 76 0.0219338
460 75 0.5142048
462 74 0.3069328
465 74 2.1464718
467 72 1.7837458
469 74 1.3692018
472 74 1.3692018
474 74 0.0219338
476 74 0.6437498
478 74 0.8251128
481 74 0.0737518
484 73 0.0219338
486 73 0.0478428
489 72 0.0478428
491 71 0.1773878
493 72 0.3587508
495 71 0.7992038
498 70 0.5919318
500 71 0.0478428
502 71 0.0219338
505 70 0.0737518
507 70 0.0737518
509 69 0.2810238
511 69 0.6955678
514 68 0.2292058
516 66 0.7214768
518 66 0.7992038
521 66 0.1514788
523 66 0.0219338
526 65 0.5660228
528 65 0.6955678
531 63 0.7473858
533 63 1.0582938
535 63 0.5660228
538 64 0.7473858
540 63 0.0478428
542 63 0.0737518
545 63 0.1514788
547 62 0.1773878
549 62 0.1255698
551 61 0.0996608
554 60 0.3587508
556 59 1.3173838
558 59 1.1360208
561 59 0.1255698
563 59 0.1255698
565 59 0.0478428
568 59 0.0737518
571 59 0.0996608
573 59 0.0737518
575 57 0.8769308
578 56 0.9028398
580 56 0.0737518
582 56 0.0478428
584 55 1.3951108
587 53 1.1360208
589 52 0.7473858
591 53 1.1878388
594 53 0.4882958
596 52 0.7214768
598 51 -0.2371562
601 52 0.4105688
603 51 0.6437498
605 51 0.6696588
607 50 0.2032968
611 51 0.1773878
613 50 0.5142048
615 49 1.3951108
618 49 1.1101118
620 49 0.0996608
622 49 0.0996608
624 48 0.0478428
627 48 0.0478428
629 47 0.2810238
631 47 0.7992038
634 46 0.4623868
636 46 0.5142048
638 45 0.0737518
640 45 0.3587508
643 44 0.0996608
645 43 0.4364778
647 44 0.8510218
650 42 1.0323848
653 41 0.4623868
655 42 0.6955678
658 41 0.9287488
660 42 0.0737518
662 42 0.0219338
664 42 0.0737518
667 41 0.0737518
669 41 0.0219338
671 41 -0.0039752
674 40 0.7473858
676 39 0.9805668
678 40 0.3328418
680 39 0.0737518
683 38 0.0478428
685 38 0.1255698
687 37 0.2551148
690 36 0.1514788
692 36 0.2292058
694 35 0.7473858
697 34 0.9028398
700 33 0.1514788
702 34 0.4364778
704 34 1.4469288
707 31 0.5660228
709 32 0.1255698
711 32 0.3069328
714 32 0.6696588
716 31 1.1360208
718 31 0.0996608
720 31 0.0478428
723 31 0.0996608
725 29 0.0478428
727 29 0.0737518
730 28 1.6542008
732 27 1.2396568
734 27 0.5660228
736 27 0.3328418
740 26 0.3328418
742 26 0.6696588
744 24 0.4364778
747 25 0.9028398
749 25 2.1205628
751 24 1.7837458
753 24 0.5401138
756 23 0.3846598
758 24 0.0478428
760 23 0.0478428
763 23 0.0737518
765 23 0.0737518
767 23 0.0737518
769 23 0.0478428
772 22 0.0996608
774 21 0.8251128
776 20 0.8769308
779 20 0.1514788
782 20 0.2551148
784 20 0.0478428
787 19 0.0478428
789 18 0.0996608
791 18 0.3328418
793 17 0.5401138
796 16 0.4623868
798 16 0.7992038
800 16 1.0842028
803 14 0.3846598
805 15 0.5142048
807 15 1.0842028
809 15 0.5660228
812 13 0.0996608
814 13 1.2137478
816 12 0.8510218
819 13 0.1255698
821 13 0.1255698
824 12 0.1255698
826 12 0.1773878
829 12 0.1255698
831 12 0.0996608
833 10 1.1101118
836 10 0.9287488
838 10 0.0737518
840 10 0.0219338
842 9 0.2032968
845 9 0.6955678
847 8 0.7992038
849 7 0.0996608
852 8 -0.5221552
854 7 1.2396568
856 6 1.1101118
859 7 0.0219338
861 6 0.0737518
863 6 0.0737518
865 6 0.0737518
869 5 0.1255698
871 5 0.0996608
873 4 0.9546578
876 3 1.1619298
878 4 0.0478428
880 3 0.0737518
882 2 0.0996608
885 2 0.2292058
887 1 0.4364778
889 1 1.5246558
892 2 -0.8589722
894 0 0.2551148
896 0 0.1255698
898 0 0.6437498
