0 -2 0.0478428
3 -2 0.0478428
5 -2 0.0737518
7 -2 0.0737518
10 -2 0.0996608
12 -2 0.0996608
14 -2 0.0478428
17 -2 0.0478428
19 -3 2.0428358
21 -5 3.0273778
24 -4 2.9755598
26 -4 2.6905608
29 -4 1.9651088
32 -4 1.8614728
34 -3 1.4210198
36 -3 1.8096548
39 -3 2.0428358
41 -4 2.4314708
43 -2 1.7578368
46 -2 1.7060188
48 -2 1.8614728
50 -1 1.5764738
53 -1 1.2914748
55 -1 1.1619298
57 -1 1.1360208
60 0 1.0582938
62 0 1.1619298
64 0 1.2914748
67 1 1.3951108
69 2 1.5764738
72 2 1.2137478
75 3 0.8769308
77 4 1.1878388
79 5 0.9546578
82 5 0.7992038
84 5 1.1101118
86 6 1.0582938
89 7 1.0064758
91 8 0.9287488
94 8 0.9287488
96 8 0.6178408
98 9 0.6437498
101 10 0.7473858
103 11 0.7992038
105 11 0.8251128
108 12 0.5660228
110 13 0.6955678
112 13 0.6696588
116 14 0.8510218
118 15 0.5660228
120 15 0.6696588
123 16 0.6955678
125 17 0.5401138
127 18 0.6955678
130 19 0.7214768
132 20 0.6178408
134 20 0.5919318
137 21 0.4623868
139 22 0.6178408
141 23 0.3069328
144 24 0.6178408
146 24 0.3069328
148 24 0.5919318
151 25 0.4364778
153 26 0.5919318
156 27 0.4364778
159 28 0.3846598
161 29 0.4623868
163 30 0.4623868
166 31 0.5142048
168 31 0.5142048
170 32 0.2810238
173 33 0.5401138
175 34 0.4882958
177 35 0.3587508
180 35 0.5401138
182 37 0.3846598
184 38 0.2032968
187 39 0.5660228
189 39 0.4623868
191 40 0.2032968
194 41 0.5142048
196 42 0.3069328
199 42 0.3069328
202 42 0.5401138
204 43 0.3846598
206 44 0.3587508
209 45 0.4364778
211 46 0.4623868
213 47 0.2810238
216 48 0.4623868
218 49 0.4882958
220 50 0.3328418
223 50 0.4882958
225 51 0.4105688
227 52 0.2810238
230 53 0.3328418
232 54 0.4623868
234 55 0.4105688
237 56 0.3846598
239 57 0.4623868
242 58 0.4882958
245 59 0.2551148
247 59 0.5142048
250 60 0.4364778
252 60 0.3587508
254 61 0.5142048
257 63 0.3846598
259 63 0.2551148
261 64 0.5401138
264 65 0.4623868
266 66 0.2810238
268 67 0.4882958
271 68 0.4105688
273 69 0.3587508
275 70 0.4623868
278 71 0.4364778
280 71 0.4364778
282 72 0.3328418
286 73 0.5142048
288 74 0.4105688
290 74 0.2032968
293 75 0.3069328
295 75 0.5401138
297 77 0.3587508
300 78 0.3328418
302 78 0.4364778
304 80 0.4364778
307 81 0.2810238
309 82 0.5142048
311 82 0.5142048
314 83 0.3587508
316 83 0.5401138
318 84 0.4105688
321 86 0.1514788
323 87 0.5401138
325 88 0.4882958
329 88 0.2810238
331 89 0.4882958
333 90 0.3328418
336 91 0.3069328
338 92 0.5401138
340 93 0.4882958
343 93 0.4105688
345 94 0.4364778
347 95 0.5142048
350 96 0.3069328
352 97 0.3846598
354 98 0.5142048
357 99 0.4364778
359 100 0.2292058
361 100 0.4105688
364 101 0.2810238
366 102 0.3328418
368 103 0.5142048
372 104 0.3328418
374 104 0.4882958
376 106 0.4364778
379 106 0.3846598
381 106 0.5142048
383 108 0.4364778
386 109 0.3846598
388 109 0.5142048
391 110 0.4364778
393 112 0.2551148
395 113 0.4105688
398 114 0.4882958
400 114 0.4105688
402 115 0.2292058
405 116 0.4105688
407 117 0.3587508
409 118 0.3587508
413 118 0.3587508
415 119 0.4623868
417 119 0.4105688
420 120 0.3069328
422 121 0.4623868
424 121 0.3587508
427 122 0.2810238
429 123 0.5401138
431 124 0.5142048
434 125 0.2810238
436 126 0.4623868
438 127 0.4623868
441 127 0.3846598
443 127 0.5660228
445 128 0.4105688
448 129 0.3587508
450 130 0.5142048
452 131 0.4364778
456 132 0.2551148
458 132 0.4623868
460 133 0.4882958
463 134 0.3846598
465 134 0.4882958
467 135 0.3587508
470 136 0.2032968
472 136 0.2551148
474 137 0.4623868
477 139 0.2551148
479 140 0.2551148
481 140 0.0478428
484 141 0.0996608
486 142 0.0478428
488 142 0.0478428
491 143 0.0219338
493 144 0.0737518
495 145 0.0478428
499 145 0.0737518
501 146 0.0737518
503 146 0.0478428
506 147 0.0996608
508 148 0.0478428
510 148 0.0737518
513 149 1.7837458
515 148 0.5142048
517 150 2.1205628
520 149 0.7214768
522 151 1.6023828
524 150 0.5660228
527 151 2.2241988
529 153 2.5610158
531 151 2.4314708
534 151 2.7682878
536 151 2.0428358
538 153 2.4832888
542 153 1.4987468
544 153 0.8510218
546 154 1.0064758
549 153 0.2810238
551 154 0.3069328
554 154 0.2032968
556 154 0.1514788
558 154 0.1255698
561 153 0.0996608
563 153 0.0737518
565 153 0.0219338
568 153 0.0996608
570 153 0.3328418
572 152 0.1255698
575 152 0.2292058
577 152 0.5919318
579 151 0.3587508
583 152 0.7473858
585 152 0.2032968
587 152 0.1514788
590 152 0.2032968
592 152 0.0219338
594 153 0.0478428
597 153 0.0478428
599 153 0.0478428
601 153 0.0478428
604 153 0.2810238
606 153 0.2810238
608 153 0.3069328
611 153 0.3328418
613 154 0.2032968
615 153 0.2032968
618 154 0.1255698
620 153 0.1255698
622 153 0.0219338
626 153 0.0996608
