0 -1 0.0478428
3 -1 0.0219338
5 -1 0.0219338
7 -1 0.0478428
10 -1 0.0219338
12 -4 2.9755598
14 -4 2.8978328
17 -4 2.5351068
19 -2 1.6282918
22 -4 2.7941968
25 -2 1.3951108
27 -3 1.8614728
29 -3 2.3019258
32 -2 1.6282918
34 -2 2.3278348
36 -2 1.8355638
39 -1 1.7060188
41 -1 1.6023828
43 -1 1.5505648
46 0 1.5246558
48 0 1.1101118
50 0 1.2914748
53 1 0.9546578
55 2 1.2137478
57 3 1.0064758
60 4 0.9028398
62 4 0.7473858
65 4 0.9546578
68 5 0.8510218
70 6 0.6437498
72 6 0.6437498
75 8 0.6955678
77 8 0.7473858
79 8 0.7473858
82 9 0.5919318
84 10 0.6178408
86 11 0.4623868
89 12 0.6437498
91 12 0.4882958
93 13 0.5660228
96 14 0.6437498
98 15 0.5660228
100 15 0.4623868
103 16 0.4623868
105 17 0.3069328
108 18 0.5660228
111 19 0.4882958
113 20 0.3328418
115 20 0.4882958
118 21 0.3846598
120 23 0.2810238
122 23 0.2292058
125 24 0.4882958
127 24 0.4105688
129 25 0.4105688
132 25 0.3328418
134 27 0.2810238
136 28 0.3846598
139 28 0.3587508
141 29 0.3587508
143 31 0.3846598
146 31 0.2810238
148 32 0.2292058
152 34 0.2551148
154 34 0.1514788
156 35 0.3328418
159 36 0.4105688
161 37 0.4105688
163 38 0.4105688
166 39 0.3846598
168 40 0.3846598
170 41 0.3587508
173 42 0.2810238
175 42 0.3328418
177 42 0.3846598
180 43 0.3328418
182 44 0.3328418
184 45 0.3328418
187 47 0.3069328
189 47 0.3846598
191 49 0.3328418
195 50 0.2810238
197 51 0.3069328
199 51 0.3069328
202 52 0.2292058
204 53 0.2810238
206 54 0.3069328
209 55 0.2292058
211 56 0.3069328
213 57 0.2810238
216 58 0.3069328
218 59 0.2292058
220 60 0.3069328
223 60 0.2551148
225 61 0.2810238
227 62 0.2810238
230 63 0.2810238
232 64 0.2292058
235 65 0.2292058
238 66 0.2292058
240 67 0.3069328
242 68 0.2292058
245 69 0.2551148
247 70 0.2551148
249 71 0.2551148
252 72 0.2292058
254 72 0.2551148
256 74 0.2810238
259 74 0.3328418
261 75 0.2810238
263 75 0.2551148
266 77 0.3328418
268 78 0.3328418
270 79 0.2551148
273 80 0.3069328
275 81 0.3328418
278 82 0.3587508
281 82 0.3328418
283 83 0.3328418
286 84 0.3328418
288 85 0.3069328
290 87 0.3328418
293 88 0.3587508
295 88 0.3069328
297 89 0.3069328
300 90 0.3328418
302 91 0.3069328
304 92 0.2810238
307 93 0.3069328
309 94 0.3328418
311 95 0.3846598
314 95 0.3587508
316 97 0.3587508
318 98 0.3328418
322 99 0.3328418
324 100 0.3328418
326 100 0.3069328
329 101 0.3587508
331 102 0.3846598
333 104 0.3328418
336 104 0.3328418
338 105 0.3328418
340 106 0.3069328
343 106 0.3069328
345 108 0.3069328
347 109 0.3069328
350 110 0.3069328
352 111 0.3328418
354 112 0.3328418
357 113 0.3069328
359 114 0.2810238
361 115 0.3328418
365 115 0.3069328
367 117 0.3328418
369 118 0.3328418
372 118 0.3587508
374 119 0.3587508
376 119 0.3328418
379 120 0.3587508
381 121 0.3328418
383 121 0.3587508
386 123 0.3069328
388 124 0.2810238
390 125 0.2810238
393 125 0.2810238
395 127 0.1514788
397 127 0.1514788
400 127 0.0996608
402 128 0.1773878
404 129 0.0996608
408 130 0.0478428
410 131 0.0996608
412 132 0.0478428
415 133 0.1255698
417 134 0.1255698
420 135 0.0737518
422 135 0.1514788
424 136 0.2032968
427 137 0.0996608
429 138 0.1773878
431 139 0.2292058
434 140 0.0737518
436 141 0.0737518
438 141 0.0478428
441 142 0.0737518
443 143 0.0737518
445 144 0.0737518
449 145 0.0737518
451 145 0.0737518
453 145 0.0996608
456 146 0.2032968
458 149 -1.0144262
460 148 0.0219338
463 149 0.0478428
465 149 1.9651088
467 148 0.9287488
470 151 1.8355638
472 149 1.3432928
474 152 1.6023828
477 151 1.2137478
479 150 1.9391998
481 152 2.9755598
484 151 3.2346498
486 151 3.2346498
488 152 1.0842028
492 154 1.8355638
494 152 1.0582938
496 154 1.8096548
499 153 0.2551148
501 154 0.8251128
503 153 0.1514788
506 154 0.2810238
508 154 0.0737518
510 153 0.0996608
513 153 0.1514788
515 153 0.0737518
517 153 0.3587508
520 152 0.0996608
522 153 0.3069328
524 153 0.0737518
527 153 0.2551148
529 153 0.1255698
531 153 0.1514788
535 153 0.0996608
