0 153 0.4105688
9 152 0.2810238
17 152 0.2292058
25 152 0.0996608
33 153 0.1514788
41 153 0.0478428
51 153 0.0737518
59 152 0.0996608
67 152 0.0737518
75 152 0.0737518
83 152 0.0737518
92 151 0.0478428
100 150 0.0737518
109 150 0.0737518
117 149 0.1773878
125 149 0.2292058
134 148 0.1255698
142 147 0.3328418
150 146 0.2292058
158 147 0.0737518
167 146 0.4105688
176 145 0.0996608
184 145 0.0737518
192 145 0.0478428
200 145 0.1255698
208 145 0.0737518
218 144 0.0996608
226 144 0.0996608
234 143 0.0478428
242 143 0.4364778
250 142 0.2810238
259 141 0.0737518
267 141 0.1255698
276 141 0.0737518
284 140 0.0478428
292 140 0.0737518
301 139 0.1514788
309 139 0.0478428
317 138 0.0478428
325 138 0.2810238
334 137 0.0478428
343 137 0.2292058
351 136 0.4623868
359 136 0.0478428
367 134 0.4105688
375 135 0.0478428
384 135 0.0478428
393 135 0.0737518
401 135 0.0219338
409 135 0.0996608
417 134 0.1514788
425 134 0.0478428
434 133 0.3328418
443 133 0.0996608
451 132 0.1773878
459 131 0.3069328
467 129 0.3069328
476 130 0.0737518
484 130 0.2551148
492 130 0.1773878
501 129 0.0478428
509 129 0.0478428
518 129 0.1514788
526 129 0.0737518
534 128 0.2810238
542 128 0.0996608
551 127 0.0478428
560 127 0.0996608
568 126 0.0219338
576 125 0.0996608
584 125 0.4882958
592 123 0.0737518
601 122 0.6437498
610 121 0.4623868
618 122 0.1773878
626 122 0.0996608
634 122 0.0478428
643 122 0.0478428
651 122 0.0737518
659 122 0.0996608
668 122 0.0737518
676 122 0.0996608
685 121 0.0996608
693 121 0.0737518
701 120 0.1255698
709 120 0.0996608
718 119 0.1514788
727 119 0.2032968
735 118 0.4364778
743 117 0.0996608
751 117 0.2032968
759 116 0.0478428
767 116 0.3069328
777 116 -0.2371562
785 115 0.0478428
793 115 0.0737518
801 115 0.0478428
809 114 0.0478428
818 114 0.1514788
826 113 0.0219338
835 112 0.1514788
843 112 0.6955678
851 110 0.3328418
860 110 0.0478428
868 110 0.5919318
876 110 0.0478428
885 110 0.0996608
893 110 0.0737518
902 110 0.0996608
910 110 0.0996608
918 110 0.2810238
926 110 0.0737518
934 109 0.1514788
944 108 0.0219338
952 106 0.7732948
960 106 0.1255698
968 104 0.7732948
976 104 0.0478428
985 103 0.1773878
993 104 0.2032968
1002 104 0.0478428
1010 104 0.0737518
1018 104 0.0478428
1027 104 0.0737518
1035 104 0.1255698
1043 104 0.4623868
1052 103 0.1255698
1060 102 -0.0039752
1069 100 0.2292058
1077 100 0.0996608
1085 100 0.2551148
1093 100 0.1255698
1101 99 0.0737518
1111 97 0.2551148
1119 98 0.0478428
1127 98 0.0737518
1135 98 0.1773878
1143 98 0.2032968
1151 98 0.0737518
1160 97 0.0737518
1169 96 0.0478428
1177 95 0.0737518
1185 95 0.3587508
1193 94 0.4364778
1202 93 0.2032968
1210 93 0.0737518
1218 93 0.0219338
1227 93 0.0478428
1235 93 0.0996608
1244 93 0.2032968
1252 93 0.1514788
1260 92 0.0478428
1268 91 0.0737518
1277 90 0.2032968
1286 90 0.1514788
1294 90 0.0478428
1302 89 0.1255698
1310 89 0.0996608
1318 89 0.0478428
1327 89 -0.0039752
1336 88 0.0478428
1344 87 0.0737518
1352 86 0.1255698
1360 86 0.1514788
1369 84 0.8769308
1377 84 0.0996608
1385 84 0.1255698
1394 84 0.0737518
1402 84 0.0478428
1411 84 0.0478428
1419 83 0.1255698
1427 84 0.1514788
1435 84 0.4105688
1444 84 0.0219338
1453 83 0.0219338
1461 82 0.2551148
1469 82 0.1514788
1477 80 0.2292058
1485 80 0.4882958
1493 79 0.1514788
1503 79 0.0737518
1511 78 0.2032968
1519 78 0.0478428
1527 77 0.0996608
1535 76 0.1773878
1544 74 1.0842028
1552 74 0.3587508
1561 75 0.0219338
1569 75 0.0996608
1577 76 0.0478428
1586 75 0.0737518
1594 75 0.0219338
1602 75 0.0737518
1611 75 0.0737518
1619 74 0.1514788
1628 74 0.0478428
1636 74 0.0996608
1644 73 0.0996608
1652 70 0.6437498
1660 71 0.0478428
1670 71 0.1514788
1678 70 0.0219338
1686 70 0.3587508
1694 69 0.4882958
1702 69 0.1255698
1711 68 0.0737518
1719 68 0.0478428
1728 68 0.3587508
1736 68 0.0737518
1744 67 0.0737518
1753 67 0.0478428
1761 67 0.1255698
1769 66 0.0737518
1778 66 0.0478428
1786 64 0.0996608
1795 65 0.1514788
1803 64 0.0478428
1811 64 0.0478428
1819 64 0.0996608
1827 63 0.0737518
1837 63 0.1773878
1845 62 0.0219338
1853 61 0.0737518
1861 61 0.0996608
1869 60 0.6178408
1877 60 0.1773878
1886 60 0.0996608
1895 59 0.1255698
1903 59 0.0737518
1911 59 0.0478428
1919 59 0.0737518
1928 59 0.0737518
1936 59 0.2032968
1944 58 0.0737518
1953 56 0.8510218
1961 55 0.4364778
1970 54 0.2032968
1978 55 0.0219338
1986 54 0.2551148
1994 54 0.4364778
2003 54 0.0478428
2012 54 0.0478428
2020 53 0.0478428
2028 53 0.0478428
2036 53 0.1773878
2044 52 0.0478428
2053 51 0.3846598
2062 51 0.1514788
2070 50 0.0996608
2078 51 0.0737518
2086 50 0.0996608
2095 50 0.0737518
2103 50 0.0478428
2111 50 0.0219338
2120 49 0.1255698
2128 47 0.8769308
2137 47 0.0737518
2145 46 0.1255698
2153 46 0.0996608
2161 45 0.2810238
2170 45 0.2551148
2179 45 0.0737518
2187 45 0.0737518
2195 45 0.1255698
2203 44 0.0219338
2211 44 0.0478428
2220 43 0.0737518
2229 42 0.2292058
2237 42 0.1255698
2245 42 0.0219338
2253 42 0.0737518
2261 42 0.0737518
2270 41 0.0996608
2278 41 0.1255698
2287 41 0.0737518
2295 40 0.0996608
2303 39 0.0737518
2312 38 0.7473858
2320 37 0.0737518
2328 37 0.7992038
2337 36 0.2551148
2345 36 0.0996608
2354 36 0.0219338
2362 36 0.0996608
2370 36 0.0737518
2378 36 0.2032968
2386 36 0.1514788
2396 35 0.0737518
2404 34 0.0737518
2412 34 0.2292058
2420 33 0.0737518
2428 32 0.2032968
2437 31 0.2810238
2445 32 0.0737518
2454 32 0.0478428
2462 31 0.0996608
2470 31 0.0478428
2479 31 0.1514788
2487 29 0.0478428
2495 27 0.9028398
2504 28 0.6178408
2512 27 0.1514788
2521 27 0.0737518
2529 27 0.2292058
2537 27 0.0996608
2545 27 0.0737518
2553 27 0.0737518
2563 26 -0.0039752
2571 26 0.1255698
2579 25 0.0478428
2587 25 0.0737518
2595 25 0.0478428
2604 25 0.0478428
2612 24 0.0478428
2621 24 0.1255698
2629 23 0.0996608
2637 23 0.1255698
2645 23 0.0737518
2654 22 0.1514788
2662 21 0.4364778
2670 19 0.2292058
2679 20 0.0478428
2687 19 0.1255698
2696 19 0.2551148
2704 18 0.1514788
2712 18 0.1255698
2720 18 0.0478428
2729 17 0.0737518
2738 17 0.0996608
2746 17 0.0478428
2754 16 0.2292058
2762 16 0.0219338
2770 16 0.0478428
2779 15 0.0478428
2788 15 0.0996608
2796 14 0.0737518
2804 14 0.0737518
2812 13 0.1255698
2821 13 0.0737518
2829 13 0.1514788
2837 12 0.0996608
2846 12 0.2032968
2854 12 0.0737518
2863 12 0.0737518
2871 12 0.0478428
2879 11 0.1773878
2887 9 0.1514788
2896 9 0.0478428
2905 9 0.2292058
2913 8 0.2032968
2921 8 0.0478428
2929 8 0.0996608
2937 8 0.2551148
2946 7 0.0219338
2955 7 0.0737518
2963 6 0.0737518
2971 6 0.3069328
2979 5 0.0737518
2988 5 0.0478428
2996 4 0.1255698
3004 3 0.2551148
3013 2 1.0582938
3021 2 0.7214768
3029 2 0.5142048
3038 2 0.0478428
3046 2 0.0478428
3054 2 0.0737518
3063 1 0.0219338
3071 1 0.0737518
3080 1 0.0737518
3088 0 0.0737518
3096 0 0.1255698
