0 151 1.3432928
10 151 1.4210198
18 149 1.2137478
26 149 1.0582938
34 149 0.7473858
42 151 0.1773878
51 150 0.1514788
59 150 0.0478428
68 151 0.0737518
76 150 0.0737518
84 150 0.0478428
92 150 0.0737518
101 150 0.0478428
109 149 0.0478428
117 149 0.0996608
126 148 0.1255698
134 147 0.0737518
143 147 0.1255698
151 145 0.2810238
159 145 0.0737518
167 145 0.8251128
176 145 0.3328418
185 145 0.0737518
193 145 0.0737518
201 144 0.0737518
209 143 0.0478428
217 144 0.0478428
226 142 0.2032968
235 142 0.3587508
243 142 0.0737518
251 141 0.4364778
259 141 0.0737518
268 140 0.0219338
276 139 0.1514788
284 140 0.1255698
293 139 0.2292058
301 138 0.0219338
310 138 0.9287488
318 137 0.0737518
326 137 0.3069328
334 136 0.4882958
343 136 0.2810238
352 135 0.5919318
360 135 0.0478428
368 135 0.1773878
376 134 0.1514788
384 134 0.1514788
393 134 0.2032968
402 134 0.0737518
410 134 0.0737518
418 134 0.1255698
426 133 0.1255698
435 133 0.0996608
443 132 0.0737518
451 131 0.2292058
460 131 0.0996608
468 130 0.1514788
476 130 -0.3407922
485 129 0.4105688
493 129 0.5919318
501 129 0.0478428
510 129 0.0996608
518 128 0.0996608
527 128 0.0219338
535 128 0.0737518
543 127 0.1773878
551 127 0.0737518
559 126 0.0737518
569 125 1.1619298
577 125 0.0478428
585 123 0.1773878
593 121 0.8510218
601 122 0.7214768
610 122 0.9805668
618 122 0.0737518
627 122 0.0996608
635 122 0.0737518
643 122 0.0737518
652 121 0.0996608
660 121 0.0737518
668 121 0.0996608
677 121 0.2292058
685 121 0.0478428
694 120 0.0996608
702 120 0.0478428
710 119 0.2551148
718 118 0.0737518
726 118 0.3846598
736 117 0.3846598
744 116 0.1514788
752 114 0.6437498
760 115 0.0478428
768 115 0.3846598
777 115 0.4105688
785 114 0.0478428
794 114 0.2292058
802 113 0.0478428
810 113 0.1773878
819 112 0.1514788
827 112 0.0737518
835 111 0.0996608
844 111 0.0737518
852 110 0.2810238
860 110 0.0737518
869 110 0.2810238
877 110 0.0737518
885 110 0.0996608
893 110 0.0737518
902 110 0.0996608
911 109 0.0737518
919 109 0.0737518
927 108 0.2032968
935 107 0.7473858
943 106 0.0737518
952 106 0.0478428
961 105 0.0737518
969 104 1.8096548
977 104 0.9546578
985 104 0.3069328
994 104 0.1514788
1002 104 0.0219338
1010 103 0.2810238
1019 103 0.7473858
1027 102 0.0737518
1036 102 0.0737518
1044 102 0.0478428
1052 101 0.0737518
1060 101 0.0996608
1069 100 0.1773878
1078 100 0.1773878
1086 100 0.0737518
1094 100 0.0737518
1102 100 0.0737518
1110 98 0.1255698
1119 98 0.0996608
1128 98 0.0737518
1136 98 0.2032968
1144 96 0.3328418
1152 95 0.8510218
1161 95 0.0478428
1169 95 0.3069328
1177 94 0.4623868
1186 93 0.8769308
1194 93 0.8510218
1203 93 0.1255698
1211 93 0.3846598
1219 93 0.0478428
1227 93 -0.0039752
1236 92 0.0737518
1244 92 0.0996608
1253 91 0.0478428
1261 90 0.1514788
1269 90 0.1255698
1277 90 0.1514788
1285 90 0.0737518
1295 89 0.2032968
1303 89 0.0219338
1311 89 0.0996608
1319 89 0.0737518
1327 88 0.0737518
1336 87 0.0996608
1344 85 0.2551148
1353 85 0.2032968
1361 85 0.0737518
1369 83 0.9028398
1378 84 0.1773878
1386 84 0.2551148
1394 84 0.1255698
1403 84 0.0737518
1411 83 0.0478428
1420 83 0.0478428
1428 83 0.1255698
1436 82 0.3846598
1444 82 0.0478428
1452 82 0.0996608
1462 81 0.0478428
1470 80 0.6178408
1478 80 0.1255698
1486 79 0.0737518
1494 78 0.2292058
1503 78 0.0996608
1511 78 0.2032968
1520 77 0.0996608
1528 74 1.3173838
1536 74 0.7732948
1545 76 0.1255698
1553 75 0.2032968
1561 75 0.0219338
1570 75 0.0478428
1578 75 0.0219338
1587 75 0.0737518
1595 74 0.3069328
1603 74 0.0996608
1611 74 0.0219338
1619 74 0.0737518
1628 74 0.0737518
1637 72 0.1255698
1645 70 0.3846598
1653 70 0.1514788
1661 71 0.0478428
1669 70 0.2551148
1678 69 0.0478428
1687 68 0.6178408
1695 68 0.7732948
1703 67 0.3328418
1711 67 0.2292058
1720 67 0.0996608
1728 67 0.0478428
1736 66 0.0478428
1745 66 0.3846598
1753 66 0.3328418
1762 65 0.2032968
1770 65 0.2032968
1778 65 0.1514788
1786 64 0.0737518
1795 64 0.0737518
1804 64 0.0737518
1812 64 0.0219338
1820 63 0.0478428
1828 63 0.1255698
1836 62 0.2032968
1845 61 0.0219338
1854 60 1.0582938
1862 60 0.0737518
1870 59 0.2292058
1878 59 0.7732948
1887 59 0.3587508
1895 59 0.2292058
1903 58 0.0478428
1912 58 0.1514788
1920 58 -0.2889742
1929 56 0.6696588
1937 56 0.9287488
1945 56 0.0996608
1953 56 0.2551148
1962 56 0.0219338
1971 56 0.0737518
1979 56 0.1514788
1987 55 0.0478428
1995 55 0.0737518
2003 54 0.0996608
2011 53 0.1514788
2021 53 0.0737518
2029 52 0.1773878
2037 52 0.4364778
2045 52 0.2032968
2053 51 0.3846598
2062 51 0.0737518
2070 51 0.2292058
2079 50 0.1514788
2087 50 0.0478428
2095 50 0.0737518
2104 49 0.0737518
2112 47 0.2032968
2120 47 0.0219338
2129 46 0.4105688
2137 46 0.3587508
2146 46 0.1255698
2154 46 0.1255698
2162 45 0.0478428
2170 45 0.2551148
2178 44 0.2032968
2188 44 0.0478428
2196 44 0.1514788
2204 44 0.0478428
2212 43 0.5660228
2220 43 0.0478428
2229 42 0.0737518
2237 42 0.0478428
2246 42 0.0737518
2254 42 0.0478428
2262 41 0.0737518
2271 41 0.3846598
2279 40 0.0737518
2287 40 0.1514788
2296 39 0.9028398
2304 38 0.2292058
2313 36 0.2551148
2321 37 0.0737518
2329 36 0.1514788
2337 35 0.4364778
2345 36 0.0996608
2355 36 0.1255698
2363 35 0.0737518
2371 35 0.3328418
2379 34 0.0478428
2387 34 0.0737518
2395 34 0.0737518
2404 34 0.0478428
2413 34 0.0737518
2421 33 0.0996608
2429 32 0.5401138
2437 32 0.5401138
2446 32 0.0996608
2454 31 0.1514788
2463 31 0.0996608
2471 29 0.0737518
2479 29 0.0478428
2488 28 0.3069328
2496 27 0.2551148
2504 27 0.0737518
2512 27 0.1255698
2521 27 0.0478428
2530 25 0.5660228
2538 26 0.2032968
2546 26 0.4364778
2554 25 0.4364778
2562 25 0.0996608
2571 25 0.2032968
2580 25 0.0478428
2588 25 0.0478428
2596 25 0.0737518
2604 24 0.0219338
2613 24 0.0737518
2621 23 0.0737518
2629 23 0.0478428
2638 22 0.0737518
2646 21 0.4105688
2655 20 0.7732948
2663 20 0.0996608
2671 20 0.1514788
2679 19 0.0737518
2688 19 0.2551148
2697 18 0.2032968
2705 17 0.1773878
2713 16 0.1255698
2721 17 0.0737518
2729 16 0.2810238
2737 16 0.0996608
2747 16 0.0737518
2755 16 0.1255698
2763 16 0.0478428
2771 15 0.0996608
2779 15 0.1255698
2788 15 0.0737518
2796 14 0.0996608
2805 14 0.0478428
2813 13 0.7732948
2821 13 0.0737518
2830 13 0.2032968
2838 12 0.0996608
2846 12 0.0737518
2855 12 0.0737518
2863 12 0.0737518
2872 11 0.1255698
2880 10 0.6178408
2888 9 0.6955678
2896 9 0.6178408
2904 8 0.0478428
2914 8 0.1773878
2922 8 0.0737518
2930 7 0.0996608
2938 6 0.1514788
2946 7 0.0737518
2955 6 0.1255698
2963 6 0.0737518
2972 5 0.2292058
2980 5 0.1514788
2988 5 0.0737518
2997 4 0.3587508
3005 3 0.0478428
3013 1 0.4105688
3022 2 0.0478428
3030 1 0.4105688
3039 1 0.6437498
3047 1 0.1255698
3055 1 0.0737518
3063 1 0.0737518
3071 0 0.0737518
3081 0 0.0737518
3089 0 0.0996608
