0 -2 0.0996608
3 -2 0.0996608
5 -2 0.0996608
7 -2 0.1255698
10 -2 0.0996608
12 -2 0.0996608
14 -2 0.1255698
17 -2 0.0996608
19 -2 0.2032968
21 -2 0.0478428
24 -2 0.0996608
26 -5 2.8460148
28 -5 2.8460148
31 -5 2.8460148
34 -4 2.4832888
36 -5 2.7682878
39 -4 2.6905608
41 -4 2.4314708
44 -4 2.1464718
46 -4 2.0946538
48 -4 2.1205628
51 -4 2.1723808
53 -4 2.3796528
55 -4 2.5610158
58 -2 1.6801098
60 -2 2.0169268
62 -2 2.3278348
65 -2 1.3432928
67 -2 1.8355638
69 -2 2.2501078
72 -1 1.2914748
74 -1 1.9391998
77 -1 2.4573798
80 0 1.8355638
82 -1 2.4055618
84 0 1.7837458
87 0 1.2914748
89 0 1.9910178
91 1 1.6542008
94 2 1.4469288
96 3 1.2396568
98 2 1.2655658
101 3 1.8096548
103 4 1.1360208
105 4 1.0582938
108 4 1.2396568
110 5 1.3432928
112 5 1.3951108
115 6 1.0323848
117 6 1.2914748
120 7 0.9287488
123 7 1.2396568
125 8 0.9287488
127 8 1.2137478
130 9 0.9805668
132 9 1.1878388
134 11 1.1101118
137 11 0.9028398
139 11 1.1878388
141 12 0.9546578
144 12 1.2396568
146 13 1.0064758
148 13 1.3173838
151 14 1.0323848
153 14 1.2914748
155 15 1.1360208
158 15 0.8769308
160 16 1.2137478
163 17 0.9287488
166 17 1.2655658
168 19 1.0842028
170 19 0.9028398
173 20 1.1878388
175 20 1.0842028
177 21 0.9028398
180 21 1.2137478
182 22 1.0582938
184 23 0.9287488
187 23 0.7732948
189 23 0.8769308
192 24 1.0842028
194 24 1.0064758
196 24 0.9546578
199 25 0.9546578
201 27 0.9028398
203 27 0.8510218
207 28 0.8251128
209 29 0.7732948
211 30 0.7473858
214 30 0.6955678
216 31 0.7732948
218 31 1.0323848
221 31 1.0064758
223 33 0.9805668
225 33 1.0064758
228 34 0.9546578
230 35 0.9546578
232 35 0.9805668
235 36 0.9287488
237 37 0.9287488
239 38 0.8510218
242 39 0.8769308
244 39 0.8251128
247 40 0.7992038
250 40 0.7473858
252 41 0.7473858
254 42 0.6955678
257 42 0.7214768
259 42 0.7473858
261 43 0.7732948
264 44 0.7473858
266 44 0.7473858
268 45 0.7992038
271 46 0.7992038
273 47 0.8251128
275 47 0.7992038
278 49 0.7732948
280 49 0.8510218
282 50 0.8510218
285 50 0.8251128
287 51 0.8510218
290 51 0.8769308
293 52 0.9287488
295 53 0.8769308
297 54 0.9028398
300 55 0.9287488
302 55 0.9546578
304 56 0.9546578
307 57 0.9805668
309 58 0.9546578
311 59 0.9287488
314 59 0.9546578
316 59 0.9287488
318 60 0.9546578
321 60 0.9287488
323 61 1.0064758
325 63 0.9287488
328 63 0.9028398
330 63 0.9546578
333 64 0.9805668
336 64 0.9546578
338 65 0.8510218
341 66 0.7473858
343 67 0.6178408
345 68 0.6437498
348 69 0.6696588
350 70 0.7473858
352 71 0.7214768
355 71 0.7992038
357 71 0.7992038
359 72 0.8251128
362 73 0.9028398
364 73 0.9028398
366 74 0.8769308
369 74 0.9546578
371 75 0.9287488
373 75 0.9805668
377 77 0.8769308
379 78 0.7214768
381 78 0.6437498
384 79 0.6437498
386 80 0.7214768
388 81 0.4882958
391 81 0.6696588
393 82 0.6437498
395 83 0.6696588
398 83 0.7473858
400 83 0.8510218
402 85 0.8251128
405 85 0.7992038
407 86 0.6955678
409 87 0.5919318
412 88 0.5142048
414 88 0.6696588
416 89 0.6696588
420 90 0.7214768
422 90 0.7214768
424 92 0.7732948
427 92 0.7992038
429 93 0.8251128
431 93 0.8251128
434 94 0.8251128
436 95 0.8251128
438 95 0.8769308
441 96 0.7992038
443 97 0.9028398
445 98 0.8510218
448 99 0.8769308
450 100 0.7732948
452 100 0.8251128
455 100 0.7992038
457 101 0.8251128
459 102 0.7732948
463 103 0.6955678
465 104 0.6955678
467 104 0.7214768
470 104 0.7473858
472 105 0.9805668
474 106 1.0323848
477 106 1.0323848
479 107 0.9287488
481 108 0.7732948
484 109 0.6178408
486 109 0.6437498
488 110 0.6437498
491 111 0.6955678
493 112 0.6178408
496 113 0.7473858
498 114 0.6696588
500 114 0.7732948
504 115 0.7473858
506 115 0.8510218
508 116 0.7992038
511 117 0.9028398
513 117 0.8251128
515 118 0.9287488
518 118 0.9028398
520 119 0.9805668
522 119 0.9805668
525 120 0.9546578
527 120 0.9546578
529 121 0.9805668
532 121 0.9287488
534 122 0.9287488
536 123 0.9546578
539 124 0.9805668
541 125 0.9805668
543 125 0.9805668
547 126 0.9287488
549 126 0.9546578
551 127 0.9028398
554 127 0.8769308
556 128 0.8769308
558 128 0.8769308
561 129 0.8251128
563 130 0.8251128
565 130 0.7992038
568 131 0.7992038
570 132 0.7214768
572 132 0.7732948
575 133 0.7214768
577 133 0.8251128
579 134 0.6955678
582 134 0.7992038
584 135 0.6955678
586 136 0.8510218
590 137 0.7473858
592 137 0.7992038
594 138 0.7992038
597 139 0.8510218
599 140 0.7473858
601 140 0.8510218
604 141 0.0737518
606 142 0.0737518
608 142 0.1773878
611 142 0.2292058
613 143 0.2032968
615 144 0.2032968
618 144 0.1255698
620 145 0.0996608
622 145 0.0478428
625 146 0.0219338
627 146 0.0737518
629 147 0.0737518
633 147 0.0996608
635 148 0.0478428
638 148 0.1773878
640 149 0.2551148
642 149 0.3846598
645 149 0.5401138
647 149 0.1514788
649 150 0.2810238
652 149 0.1773878
654 151 0.4105688
656 151 0.2292058
659 151 0.0478428
661 152 0.5142048
663 151 0.1773878
666 152 0.4105688
668 152 0.5401138
670 152 0.3846598
674 153 0.4105688
676 152 0.1514788
678 153 0.2810238
681 153 0.0737518
683 153 0.0996608
685 153 0.0737518
688 153 0.0737518
690 153 0.0478428
