0 -2 0.0219338
2 -2 0.0478428
5 -2 0.0996608
7 -2 0.0478428
10 -4 2.9237418
13 -4 2.9496508
15 -4 2.0428358
17 -4 2.8460148
20 -4 2.6387428
22 -4 2.4055618
24 -4 2.4832888
27 -4 2.6646518
29 -3 1.8096548
31 -3 2.2760168
34 -2 1.6542008
36 -2 2.3019258
38 -2 1.8096548
41 -1 1.5246558
43 0 1.2914748
45 -1 1.1878388
48 -1 1.4987468
50 0 1.1619298
53 0 1.1360208
56 1 1.2396568
58 1 1.3951108
60 2 1.4987468
63 3 1.1360208
65 4 1.2914748
67 4 1.0582938
70 4 0.9028398
72 5 1.1101118
74 6 1.0064758
77 6 0.9287488
79 7 0.7992038
81 8 0.8510218
84 8 0.7992038
86 9 0.8769308
88 9 0.7732948
91 10 0.9287488
93 11 0.5660228
96 12 0.6696588
99 12 0.7473858
101 13 0.8251128
103 13 0.7214768
106 15 0.6178408
108 15 0.6955678
110 15 0.7992038
113 16 0.7992038
115 17 0.5401138
118 18 0.6696588
120 19 0.6955678
122 20 0.5142048
125 21 0.6178408
127 21 0.7214768
129 22 0.5142048
132 23 0.6437498
134 23 0.7214768
137 24 0.4882958
140 24 0.6696588
142 25 0.5142048
144 26 0.6178408
147 27 0.5142048
149 28 0.4882958
151 29 0.6178408
154 30 0.4105688
156 31 0.4882958
158 31 0.4364778
161 32 0.5660228
163 33 0.4882958
165 34 0.3846598
168 34 0.4623868
170 35 0.4364778
172 36 0.5660228
175 38 0.4882958
177 38 0.3846598
180 39 0.5142048
183 40 0.4364778
185 41 0.6178408
187 41 0.4623868
190 42 0.4105688
192 42 0.4623868
194 43 0.4105688
197 44 0.5401138
199 45 0.4623868
201 46 0.3846598
204 47 0.4882958
206 48 0.4882958
208 49 0.5401138
211 50 0.4364778
213 51 0.4105688
215 51 0.4882958
218 51 0.4882958
220 53 0.2810238
223 53 0.4882958
226 55 0.5401138
228 56 0.4105688
230 56 0.5919318
233 58 0.4105688
235 58 0.2032968
237 59 0.5401138
240 60 0.4364778
242 59 0.5401138
244 61 0.4623868
247 62 0.2810238
249 63 0.5919318
251 64 0.4882958
254 64 0.3587508
256 65 0.4882958
258 66 0.3069328
261 67 0.4105688
263 68 0.4882958
267 69 0.2810238
269 70 0.5142048
271 71 0.4364778
274 71 0.3328418
276 72 0.5660228
278 73 0.4364778
281 74 0.3846598
283 74 0.4882958
285 75 0.4623868
288 76 0.2810238
290 77 0.4623868
292 78 0.4882958
295 78 0.4105688
297 80 0.5142048
299 81 0.3846598
302 82 0.2292058
304 82 0.5660228
306 83 0.4105688
310 83 0.5660228
312 84 0.4364778
314 86 0.2032968
317 87 0.5401138
319 88 0.4105688
321 88 0.5660228
324 89 0.4105688
326 90 0.2810238
328 90 0.5660228
331 92 0.4623868
333 93 0.2032968
335 93 0.4882958
338 94 0.2810238
340 95 0.6178408
342 95 0.5401138
345 97 0.2551148
347 98 0.5142048
349 99 0.3069328
353 100 0.5142048
355 100 0.5142048
357 100 0.3069328
360 102 0.5142048
362 103 0.3069328
364 104 0.5919318
367 104 0.4882958
369 104 0.3587508
371 106 0.4623868
374 107 0.2810238
376 108 0.5401138
378 109 0.4623868
381 109 0.4882958
383 110 0.4882958
385 111 0.2810238
388 112 0.5401138
390 113 0.4882958
393 114 0.2032968
396 115 0.4623868
398 116 0.3587508
400 116 0.2551148
403 117 0.5401138
405 118 0.3587508
407 118 0.3587508
410 119 0.4105688
412 120 0.4105688
414 120 0.2292058
417 121 0.4105688
419 121 0.4364778
421 122 0.4364778
424 123 0.4882958
426 125 0.3069328
429 125 0.5142048
431 126 0.4623868
433 127 0.3846598
437 127 0.5401138
439 128 0.3069328
441 128 0.6178408
444 129 0.4882958
446 130 0.4364778
448 130 0.4882958
451 132 0.3069328
453 132 0.4623868
455 133 0.4623868
458 134 0.4105688
460 134 0.4364778
462 135 0.3069328
465 136 0.4623868
467 136 0.4882958
469 137 0.4105688
472 138 0.5142048
474 140 0.3846598
476 140 0.0737518
480 141 0.0737518
482 142 0.1255698
484 142 0.0737518
487 143 0.0737518
489 144 0.0478428
491 145 0.0996608
494 145 0.0478428
496 145 0.0478428
498 146 0.0737518
501 147 0.0996608
503 147 0.0737518
505 148 0.7473858
508 147 0.2292058
510 149 0.9546578
512 148 0.5401138
515 150 1.7060188
517 148 0.9805668
519 152 1.6542008
523 151 0.5142048
525 153 1.3692018
527 152 2.9496508
530 150 2.3537438
532 151 2.8719238
534 151 2.1723808
537 154 1.6801098
539 152 1.2137478
541 154 0.4105688
544 154 0.2810238
546 154 0.0996608
548 154 0.1773878
551 153 0.0737518
553 154 0.0996608
555 154 0.0219338
558 153 0.0737518
560 153 0.0219338
562 153 0.0478428
566 153 0.0996608
568 153 0.0996608
570 153 0.3328418
573 152 0.4882958
575 152 0.3069328
578 152 0.7732948
580 152 0.2292058
582 152 0.1514788
585 152 0.1514788
587 152 0.0737518
