0 -4 0.4364778
2 -3 1.0582938
5 -4 0.4623868
7 -3 0.9287488
9 -3 0.5919318
12 -3 0.7992038
14 -3 0.7473858
16 -4 0.5142048
19 -5 2.5869248
21 -5 2.5869248
23 -5 2.6128338
26 -5 2.4314708
28 -5 2.5351068
30 -5 2.5351068
33 -5 2.3019258
35 -5 2.5351068
38 -4 2.1205628
41 -5 2.4573798
43 -4 2.3019258
45 -4 1.6023828
48 -5 2.4573798
50 -4 2.2241988
52 -4 1.7578368
55 -4 2.4573798
57 -4 2.3796528
59 -4 2.1723808
62 -3 1.9132908
64 -3 1.4469288
66 -3 2.4314708
69 -3 2.3537438
71 -2 2.3019258
73 -2 2.1723808
76 -2 2.0169268
78 -2 1.9132908
81 -2 1.8096548
84 -2 1.7060188
86 -1 1.6542008
88 -1 1.7837458
91 -1 1.8355638
93 -1 1.9132908
95 -1 2.0687448
98 -1 2.1205628
100 0 1.3173838
103 0 1.6801098
105 0 1.9132908
107 0 2.2501078
110 0 1.6023828
112 0 1.9132908
114 1 1.3173838
117 1 1.7837458
119 2 1.2137478
121 2 1.7837458
125 3 1.2914748
127 3 1.8096548
129 4 1.4469288
132 4 1.8096548
134 4 1.7060188
136 4 1.4728378
139 5 1.2137478
141 5 1.7837458
143 5 1.5764738
146 6 1.4210198
148 6 1.3692018
150 7 1.1360208
153 6 1.8096548
155 7 1.6023828
157 7 1.5246558
160 8 1.3951108
162 8 1.1619298
164 8 1.7578368
168 9 1.5764738
170 10 1.2137478
172 10 1.8355638
175 10 1.6282918
177 11 1.2396568
179 10 1.8614728
182 11 1.5764738
184 12 1.4210198
186 11 1.1619298
189 12 1.7319278
191 12 1.6023828
193 14 1.4987468
196 14 1.4469288
198 14 1.3432928
200 15 1.3173838
203 15 1.2914748
205 15 1.2655658
208 15 1.3173838
211 16 1.3432928
213 17 1.3951108
215 17 1.3951108
218 18 1.4469288
220 19 1.4987468
222 19 1.4728378
225 19 1.4728378
227 19 1.4987468
230 20 1.4987468
232 20 1.5505648
234 21 1.5246558
237 21 1.4987468
239 22 1.5246558
241 22 1.4728378
244 23 1.4987468
246 23 1.5246558
248 23 1.4469288
252 23 1.4987468
254 23 1.5246558
256 24 1.4987468
259 24 1.5246558
261 25 1.5505648
263 25 1.5764738
266 26 1.6023828
268 27 1.6023828
270 27 1.6542008
273 27 1.7060188
275 28 1.1101118
277 29 1.0323848
280 30 1.0582938
282 30 1.0842028
284 30 1.2137478
287 31 1.2914748
289 31 1.3173838
291 31 1.3951108
295 32 1.0582938
297 33 1.0582938
299 33 1.1878388
302 34 1.3173838
304 34 1.4469288
306 35 0.9546578
309 36 1.1101118
311 36 1.2655658
313 36 1.3173838
316 37 1.3951108
318 38 1.3951108
320 39 1.0323848
323 39 1.1360208
325 39 1.2396568
327 40 1.3432928
330 40 1.4469288
332 40 1.4987468
334 41 0.9546578
338 41 1.1101118
340 41 1.1878388
342 41 1.3432928
345 42 1.4210198
347 42 0.9805668
349 43 1.0582938
352 43 1.2396568
354 44 1.3173838
356 45 1.4210198
359 45 1.5764738
361 46 0.9805668
363 46 1.1360208
366 47 1.2914748
368 47 1.3173838
370 48 1.4210198
373 49 1.0323848
375 50 1.0064758
377 50 1.2137478
381 50 1.2914748
383 50 1.4210198
385 51 0.9287488
388 51 1.1619298
390 52 1.2655658
393 52 1.3951108
395 53 0.9028398
397 54 1.1101118
400 54 1.2396568
402 55 1.3432928
404 55 1.3951108
407 56 1.4987468
409 57 1.5764738
411 57 1.1360208
414 58 1.0582938
416 58 1.2396568
418 58 1.2655658
422 59 1.3432928
424 59 1.3951108
426 59 1.0582938
429 60 1.0323848
431 61 1.2137478
433 61 1.2914748
436 62 1.3432928
438 62 1.4987468
440 63 0.9546578
443 63 1.1360208
445 64 1.2137478
447 64 1.2914748
450 64 1.3692018
452 64 1.4210198
454 65 1.5764738
457 66 0.9805668
459 67 1.1878388
461 67 1.2655658
465 68 1.3173838
467 68 1.0582938
469 69 1.0842028
472 70 1.2396568
474 70 1.3951108
476 70 0.9546578
479 71 1.1101118
481 71 1.2396568
483 72 1.3692018
486 72 1.4987468
488 73 1.0582938
490 73 1.1878388
493 73 1.2914748
495 73 1.3692018
497 74 1.4728378
500 74 0.9546578
502 75 1.0582938
504 76 1.1878388
508 77 1.3173838
510 77 1.3951108
512 78 1.3692018
515 78 1.0582938
517 79 1.1878388
519 79 1.2914748
522 80 1.3692018
524 80 1.4987468
526 81 0.9546578
529 82 1.0842028
531 82 1.2137478
533 83 1.2396568
536 83 1.3173838
538 83 1.3951108
540 83 1.4728378
543 84 0.9287488
545 85 1.1101118
547 86 1.2137478
551 86 1.3432928
553 87 1.4210198
556 87 0.9287488
558 88 1.1360208
560 88 1.2137478
563 89 1.3173838
565 89 1.3951108
567 89 1.1360208
570 90 1.0064758
572 91 1.1878388
574 91 1.2396568
577 92 1.2914748
579 92 1.3692018
581 93 1.3951108
584 93 1.3951108
586 93 1.4728378
588 94 1.5505648
592 95 1.0064758
594 95 1.0842028
596 96 1.2137478
599 96 1.2914748
601 97 1.3692018
603 97 1.4469288
606 98 1.4728378
608 98 1.6282918
610 99 1.4210198
613 99 1.0064758
615 100 1.0842028
617 100 1.1360208
620 101 1.1619298
622 102 1.2137478
624 102 1.2137478
627 102 1.2396568
629 103 1.3173838
631 103 1.3173838
635 103 1.3951108
637 103 1.4728378
639 104 1.5764738
642 106 0.9805668
644 106 1.1101118
646 106 1.2655658
649 106 1.3173838
651 107 1.3951108
653 108 1.1360208
656 108 1.0582938
658 109 1.1878388
660 109 1.2396568
663 109 1.3432928
665 110 1.3951108
667 110 1.4210198
670 111 1.4987468
672 112 1.0064758
674 113 1.0323848
678 113 1.1360208
680 113 1.2914748
682 113 1.3173838
685 114 1.4210198
687 114 1.5505648
689 115 1.0323848
692 116 1.1619298
694 116 1.2655658
696 117 1.3173838
699 117 1.3951108
701 117 1.5764738
704 118 1.0064758
706 118 1.1360208
708 119 1.1619298
711 119 1.2396568
713 119 1.3432928
715 119 1.3692018
718 120 1.4210198
721 120 1.4728378
723 120 1.4728378
726 121 0.9546578
728 121 1.1360208
730 122 1.2655658
733 123 1.2655658
735 123 1.3951108
737 124 1.4210198
740 124 1.4728378
742 124 1.4987468
744 125 1.5246558
747 126 1.4728378
749 126 1.4210198
751 126 1.2655658
754 127 1.0842028
756 126 1.1360208
758 127 1.7837458
761 127 1.6801098
764 127 1.6282918
766 128 1.5764738
769 128 1.5764738
771 129 1.6282918
773 129 1.0064758
776 130 1.0064758
778 130 1.1101118
780 130 1.2396568
783 131 1.2655658
785 132 1.2137478
787 132 1.1878388
790 132 1.1101118
792 132 1.7319278
794 133 1.6542008
797 133 1.5246558
799 134 1.4469288
801 134 1.3432928
804 134 1.2396568
807 135 1.1101118
809 135 1.2655658
812 136 1.7319278
814 136 1.6542008
816 136 1.6542008
819 137 1.5764738
821 137 1.6023828
823 138 1.6282918
826 138 1.6542008
828 139 1.6801098
831 139 1.3951108
833 140 1.4469288
835 140 1.6282918
838 140 1.6282918
840 140 1.5764738
842 141 1.5764738
845 141 1.5505648
848 141 1.5505648
850 142 1.1878388
853 143 1.0842028
855 144 0.7992038
857 144 0.8510218
860 145 0.0737518
862 145 0.1255698
864 145 0.2292058
867 145 0.4623868
869 145 0.4882958
871 145 1.0323848
874 146 0.1773878
876 147 0.3069328
878 147 0.0737518
881 148 0.1773878
883 148 0.0737518
885 148 0.0478428
888 149 0.0737518
891 149 0.0737518
893 149 0.0219338
896 149 0.0737518
898 149 0.0478428
900 150 0.0737518
903 150 0.0478428
905 150 0.0478428
907 150 0.0478428
910 150 0.0478428
