0 -2 0.0737518
2 -2 0.0219338
6 -2 0.0737518
8 -2 0.0478428
10 -2 0.0478428
13 -2 0.0478428
15 -2 0.0219338
18 -2 0.0219338
20 -2 0.0737518
22 -2 0.2032968
25 -5 3.0014688
27 -4 2.9755598
29 -4 2.5610158
32 -5 2.9237418
34 -4 2.7941968
36 -4 2.7164698
39 -3 1.4210198
41 -3 1.9132908
43 -4 2.3796528
46 -2 1.7319278
49 -2 2.3796528
51 -2 1.8873818
54 -1 1.6542008
56 -1 1.4728378
58 0 1.4210198
61 0 1.3692018
63 0 1.3951108
65 0 1.4728378
68 0 1.0064758
70 1 1.1878388
72 2 1.4210198
75 3 1.1619298
77 4 0.8510218
79 4 1.2137478
82 5 1.0064758
84 5 0.9805668
86 6 0.9287488
90 6 0.8510218
92 7 0.8510218
94 8 0.8510218
97 8 0.8769308
99 9 0.5401138
101 10 0.6955678
104 10 0.7473858
106 11 0.5142048
108 12 0.5919318
111 12 0.7214768
113 13 0.5919318
115 14 0.5919318
118 15 0.7473858
120 15 0.4105688
122 16 0.6178408
125 17 0.6955678
127 18 0.5919318
129 19 0.5919318
133 20 0.5401138
135 20 0.5660228
137 21 0.4882958
140 22 0.5919318
142 23 0.3587508
144 23 0.6178408
147 24 0.4882958
149 25 0.4105688
152 25 0.5142048
154 26 0.3328418
156 27 0.3587508
159 28 0.5401138
161 29 0.4105688
163 30 0.3846598
166 31 0.4364778
168 31 0.4623868
170 32 0.2810238
173 33 0.5142048
176 34 0.4623868
178 35 0.3846598
181 36 0.3069328
183 37 0.4623868
185 38 0.3069328
188 39 0.3069328
190 40 0.4623868
192 41 0.4364778
195 41 0.3846598
197 42 0.3069328
199 42 0.4623868
202 42 0.3587508
204 44 0.1773878
206 44 0.2032968
209 45 0.4623868
211 47 0.4105688
213 48 0.4105688
216 49 0.2810238
219 50 0.4623868
221 51 0.3846598
224 51 0.2032968
226 52 0.2292058
228 53 0.4623868
231 53 0.4105688
233 55 0.4364778
235 56 0.3069328
238 56 0.4882958
240 58 0.4105688
242 59 0.2810238
245 59 0.2292058
247 59 0.5401138
249 60 0.4105688
252 61 0.4364778
254 63 0.3587508
256 63 0.3587508
259 64 0.3846598
262 65 0.3328418
264 66 0.2810238
267 67 0.2292058
269 68 0.4364778
271 69 0.4105688
274 70 0.3846598
276 71 0.2551148
278 71 0.4364778
281 72 0.3846598
283 73 0.4105688
285 74 0.2551148
288 74 0.1514788
290 75 0.4364778
292 75 0.4364778
295 77 0.4105688
297 78 0.3587508
299 79 0.3069328
302 80 0.4364778
305 81 0.3846598
308 82 0.2292058
310 83 0.2551148
312 83 0.4882958
315 84 0.4623868
317 85 0.4105688
319 86 0.3069328
322 87 0.4623868
324 88 0.4105688
326 89 0.2810238
329 90 0.2551148
331 90 0.4364778
333 91 0.4623868
336 92 0.4364778
338 93 0.3587508
340 94 0.2292058
343 95 0.4105688
346 96 0.3069328
348 97 0.2810238
351 98 0.2032968
353 99 0.4882958
355 100 0.4882958
358 100 0.4105688
360 100 0.3069328
362 102 0.4623868
365 103 0.3328418
367 104 0.3328418
369 104 0.4105688
372 105 0.4364778
374 106 0.4364778
376 107 0.3328418
379 108 0.4623868
381 109 0.4364778
383 110 0.2810238
386 111 0.3069328
389 112 0.4623868
391 113 0.3846598
394 114 0.4105688
396 115 0.3587508
398 115 0.1773878
401 116 0.3846598
403 117 0.3587508
405 118 0.3846598
408 119 0.2551148
410 119 0.0996608
412 119 0.4623868
415 121 0.4623868
417 121 0.3328418
419 121 0.3846598
422 122 0.2810238
424 123 0.4364778
426 125 0.3587508
429 125 0.1773878
432 126 0.3069328
434 127 0.4882958
437 127 0.3587508
439 128 0.3846598
441 129 0.3587508
444 130 0.4364778
446 130 0.3328418
449 131 0.1255698
451 132 0.5142048
453 133 0.4364778
456 134 0.2551148
458 134 0.3328418
460 135 0.4105688
463 136 0.4364778
465 137 0.3069328
467 137 0.2032968
470 138 0.2810238
472 139 0.4882958
475 140 0.1255698
478 141 0.0996608
480 142 0.0996608
482 142 0.0478428
485 143 0.0996608
487 144 0.1255698
489 145 0.0478428
492 145 0.0478428
494 146 0.0478428
496 146 0.0737518
499 147 0.0737518
501 148 0.1514788
503 147 0.0996608
506 149 1.8873818
508 148 0.6437498
510 150 1.6542008
513 149 0.6437498
515 152 2.0946538
518 150 0.7214768
521 151 2.3278348
523 150 2.5610158
525 151 2.4832888
528 151 2.7423788
530 152 1.7837458
532 151 1.9391998
535 152 0.6955678
537 153 0.7214768
539 154 0.3069328
542 154 0.4623868
544 153 0.0996608
546 154 0.1773878
549 153 0.1773878
551 153 0.0737518
553 153 0.0478428
556 153 0.0219338
558 153 0.0219338
