0 -2 0.6178408
3 -2 0.3846598
5 -2 0.3069328
7 -2 0.4364778
10 -2 0.2032968
12 -2 0.5142048
14 -2 0.2032968
17 -2 0.5660228
19 -2 0.1773878
21 -1 0.3328418
24 -4 2.7164698
26 -4 2.7164698
28 -4 2.6646518
31 -4 2.5610158
33 -4 2.6387428
35 -4 2.4314708
39 -3 1.4987468
41 -4 2.5091978
43 -3 2.4314708
46 -3 2.3019258
48 -2 2.1205628
50 -2 2.0687448
53 -2 1.9910178
55 -2 1.9391998
57 -2 1.9910178
60 -2 2.0169268
62 -2 1.9910178
64 -2 2.0687448
67 -1 2.1205628
69 -1 2.1464718
71 -1 2.1723808
74 -1 2.3019258
76 -1 2.2760168
78 0 2.3537438
82 0 2.4832888
84 0 1.3692018
86 0 1.6023828
89 0 1.7837458
91 0 2.0428358
93 0 2.3537438
96 2 1.5505648
98 2 1.9651088
100 3 1.2137478
103 3 1.7837458
105 4 1.3173838
107 4 1.9132908
110 4 1.6023828
112 4 1.3432928
114 5 1.2137478
117 5 1.1360208
119 6 1.0064758
121 6 1.0842028
125 6 1.1619298
127 7 1.2137478
129 7 1.3432928
132 7 1.4210198
134 8 1.5246558
136 8 1.2655658
139 9 1.0842028
141 9 1.2655658
143 10 1.2655658
146 10 1.3692018
148 11 1.4210198
151 11 1.4210198
153 11 1.4469288
155 12 1.4469288
158 12 1.3951108
160 12 1.4210198
162 13 1.4469288
166 14 1.4728378
168 14 1.5246558
170 14 1.5246558
173 14 1.2655658
175 15 0.9546578
177 16 1.1619298
180 17 1.2914748
182 17 1.3692018
184 18 1.3692018
187 19 1.1101118
189 19 1.2655658
191 19 1.3951108
194 20 0.9546578
196 20 1.2137478
198 21 1.3432928
201 22 1.0323848
203 22 1.2137478
205 23 0.9287488
209 23 1.2137478
211 23 0.9028398
213 23 1.1619298
216 24 0.9028398
218 24 1.1619298
220 25 0.8510218
223 26 1.1619298
225 26 0.8769308
227 27 1.1619298
230 27 1.3432928
232 28 1.0582938
234 29 1.2914748
237 30 0.8769308
239 30 1.1878388
241 30 1.3692018
244 31 1.0323848
246 31 1.2655658
248 32 0.9546578
252 33 1.1878388
254 34 0.9028398
256 34 1.1619298
259 35 0.9028398
261 35 1.2137478
263 36 0.9546578
266 36 1.2137478
268 38 0.9546578
270 38 1.1878388
273 39 1.0064758
275 39 1.2396568
277 40 1.0582938
280 40 0.8510218
282 40 1.1360208
284 41 0.9546578
287 41 1.1619298
289 42 1.0582938
291 42 0.7992038
295 42 1.1360208
297 43 1.0323848
299 44 0.7992038
302 44 1.0842028
304 46 0.9028398
306 46 1.1619298
309 47 1.0323848
311 47 1.3173838
313 48 1.0842028
316 49 0.7992038
318 49 1.1360208
321 50 0.9028398
323 50 1.1360208
325 51 0.9546578
328 51 1.1878388
330 52 1.0323848
332 52 1.2655658
335 53 1.0842028
338 54 0.8769308
340 55 1.1619298
343 55 0.8769308
345 55 1.1878388
347 57 0.9028398
350 57 1.2137478
352 58 0.9805668
354 58 1.2137478
357 59 1.0064758
359 59 0.8251128
361 59 1.1101118
364 60 0.9805668
366 61 1.2137478
368 62 1.0842028
371 63 0.8769308
373 63 1.1360208
375 63 1.0582938
379 63 1.0842028
381 64 1.0842028
383 65 0.8769308
386 65 1.1360208
388 66 0.9805668
390 67 1.2396568
393 67 1.0842028
395 68 0.7992038
397 69 1.1619298
400 70 0.9546578
402 70 1.1878388
404 70 1.0582938
407 71 0.8251128
409 71 1.1619298
411 73 0.9546578
414 73 1.1878388
416 73 0.9805668
418 73 1.2137478
422 74 1.0582938
424 74 0.8769308
426 75 1.0582938
429 76 0.8510218
431 77 1.1619298
433 78 0.9287488
436 78 1.1878388
438 79 1.0842028
440 79 0.8251128
443 80 1.0842028
445 81 0.8510218
447 81 1.1619298
450 82 0.9805668
452 82 1.2137478
454 83 1.1101118
457 83 0.8251128
459 84 1.1101118
461 85 0.8510218
465 86 1.1619298
467 86 0.9546578
469 87 1.1878388
472 88 1.0582938
474 88 0.7992038
476 88 1.1360208
479 89 0.8769308
481 89 1.1878388
484 90 0.9805668
486 91 1.2655658
488 91 1.0323848
491 92 1.2655658
493 93 1.0323848
495 93 1.2396568
498 94 1.0323848
500 94 1.2396568
502 95 1.0582938
505 95 1.2655658
508 97 1.0323848
510 97 1.3692018
513 98 1.0842028
515 98 1.3173838
517 99 1.0842028
520 99 1.2914748
522 100 1.0842028
524 100 1.3173838
527 101 1.1101118
529 102 1.2655658
531 102 1.0582938
534 103 1.2914748
536 103 1.0323848
538 103 1.3951108
541 104 1.0582938
543 105 0.8251128
545 106 1.1101118
548 106 0.9028398
551 107 1.1619298
553 108 1.0064758
556 108 1.2655658
558 109 1.0582938
560 108 0.9028398
563 109 1.1619298
565 110 0.8510218
567 111 1.1619298
570 112 0.8769308
572 112 1.1360208
574 113 0.8510218
577 113 1.2137478
579 114 1.0323848
581 115 1.2396568
584 115 1.0842028
586 115 1.0582938
588 116 1.1360208
591 117 0.7732948
594 117 1.1360208
596 118 0.9546578
599 118 1.2137478
601 119 1.0064758
603 119 1.2655658
606 120 1.0582938
608 120 1.0064758
610 121 1.0842028
613 121 0.8510218
615 121 1.0842028
617 122 0.8769308
620 123 1.1878388
622 124 0.9287488
625 124 1.2137478
627 125 0.9546578
629 125 1.2655658
632 126 0.9546578
635 126 1.2137478
637 127 0.8510218
640 127 1.1619298
642 127 0.9805668
644 128 1.1101118
647 128 1.3173838
649 129 0.9805668
651 129 1.2914748
654 130 1.0582938
656 130 1.2137478
658 130 1.0323848
661 131 1.1878388
663 132 1.0064758
665 132 1.2396568
668 133 0.8510218
670 134 1.1619298
672 134 1.1878388
675 134 1.1360208
678 134 1.3692018
680 135 1.0582938
683 136 1.2655658
685 137 1.0064758
687 137 1.2655658
690 138 0.9287488
692 138 1.2396568
694 139 0.9805668
697 139 1.1878388
699 140 0.7214768
701 141 0.5660228
704 141 0.6437498
706 141 0.5660228
708 142 0.6696588
711 142 0.8510218
713 142 1.1619298
715 144 0.5142048
718 144 0.5401138
721 145 0.0996608
723 145 -0.0039752
726 145 0.0996608
728 146 0.0478428
730 146 0.3587508
733 146 0.3069328
735 147 0.0478428
737 148 0.0737518
740 148 0.0219338
742 148 0.0478428
744 149 0.0219338
747 149 0.0478428
749 149 0.0478428
751 150 0.0996608
754 150 0.0737518
756 150 0.2551148
758 150 0.2032968
761 150 0.1773878
764 151 0.0737518
767 151 0.0219338
769 151 0.0737518
771 152 0.1255698
774 152 0.0478428
776 151 0.4364778
778 152 0.5401138
781 152 0.2032968
783 152 0.2032968
785 152 0.1255698
788 152 0.1514788
