0 153 0.2292058
2 153 0.4105688
5 153 0.1255698
7 153 0.2551148
9 153 0.3587508
12 153 0.2810238
14 153 0.0996608
16 152 0.1255698
18 153 0.1255698
21 153 0.2292058
23 153 0.2292058
25 152 0.0737518
28 153 0.0737518
30 152 0.0737518
32 153 -0.0039752
34 152 0.3846598
37 151 1.0582938
39 153 1.2137478
42 151 0.8510218
45 152 0.6437498
47 151 0.3587508
49 152 0.4623868
52 151 0.1255698
54 151 0.1255698
56 149 1.9132908
58 149 2.1723808
61 150 0.1255698
63 150 0.0996608
65 150 0.1255698
68 150 0.0478428
70 149 0.0478428
72 149 0.0737518
74 148 1.3692018
77 147 1.3951108
79 147 0.5660228
81 148 0.5919318
85 147 0.5142048
87 147 0.0996608
89 146 0.1514788
91 145 0.0219338
94 145 0.0478428
96 144 1.4210198
98 143 1.3432928
101 144 0.0737518
103 143 0.0996608
105 143 0.0219338
108 142 0.0737518
110 142 0.4105688
112 141 0.0219338
114 140 0.8769308
117 139 1.2914748
119 140 0.1514788
121 139 0.0996608
124 139 0.0219338
126 138 0.0478428
129 137 0.0996608
131 136 0.3587508
134 136 0.8769308
136 134 0.9287488
138 134 0.8510218
141 135 1.1619298
143 134 1.1878388
145 133 0.0996608
147 133 0.0996608
150 132 1.2655658
152 132 0.4882958
154 130 0.5660228
157 130 0.9028398
159 130 0.1773878
161 129 0.4623868
164 130 0.0996608
166 129 0.1514788
168 129 0.1773878
171 128 0.2810238
174 129 0.9028398
176 127 1.1878388
178 127 1.0842028
181 127 0.0996608
183 127 0.0478428
185 127 0.0478428
187 127 0.0478428
190 126 0.0219338
192 125 0.0478428
194 124 0.9028398
197 124 1.1360208
199 124 0.0478428
201 124 0.0478428
203 123 0.1255698
206 122 0.6955678
208 121 0.6178408
210 119 1.2396568
214 121 2.1723808
216 120 0.8510218
218 119 0.4623868
220 119 0.5660228
223 119 0.5919318
225 119 0.0219338
227 119 0.0478428
230 119 0.0996608
232 119 0.0996608
234 118 0.2810238
237 118 0.6178408
239 117 1.0064758
241 116 1.0842028
243 116 0.0737518
246 116 0.0478428
248 116 0.0996608
250 115 0.0737518
253 115 0.1255698
256 114 0.0478428
258 114 0.0478428
260 112 1.0323848
263 113 0.7732948
265 113 0.0737518
267 112 0.0996608
270 112 0.0219338
272 111 0.0737518
274 110 0.7214768
276 110 1.4210198
279 109 0.8251128
281 108 0.9028398
283 109 0.0219338
286 108 0.0478428
288 107 0.2551148
290 106 0.1514788
293 107 0.3069328
295 106 1.6282918
298 105 -0.1076112
300 104 0.9028398
303 103 0.8769308
305 104 2.1723808
307 102 1.3692018
310 104 0.2810238
312 103 0.4623868
314 102 0.0996608
316 102 0.0478428
319 101 0.8251128
321 100 0.7992038
323 101 0.2810238
326 100 0.7214768
328 100 0.4105688
330 99 0.2032968
332 100 0.0737518
335 100 0.0996608
337 100 -0.2371562
339 98 0.8769308
343 98 1.0064758
345 98 0.0737518
347 98 0.0996608
350 98 0.1773878
352 98 0.0737518
354 98 0.0478428
356 97 0.0996608
359 95 1.2655658
361 95 1.1360208
363 95 0.0219338
366 95 0.0478428
368 95 0.0219338
370 95 0.0478428
372 95 0.0737518
375 94 0.0478428
377 93 0.6696588
379 92 1.6542008
382 91 1.5505648
385 93 0.0219338
387 92 0.0478428
389 91 0.0737518
392 91 0.0478428
394 90 0.1773878
396 90 0.2292058
399 89 1.2655658
401 88 1.2137478
403 89 0.0478428
405 88 0.0737518
408 88 0.0478428
410 87 0.0737518
412 86 0.0996608
415 86 0.3069328
417 85 0.1255698
419 83 1.4728378
422 83 1.2914748
424 83 1.6282918
427 82 2.0687448
429 81 0.1773878
432 82 0.2292058
434 82 1.1360208
436 80 0.6437498
439 80 1.1878388
441 80 1.1619298
443 80 0.0478428
445 79 0.1255698
448 79 0.4882958
450 78 0.7992038
452 77 0.2032968
455 77 0.2292058
457 78 0.2810238
459 77 0.9546578
461 76 1.0582938
464 76 0.0219338
466 75 0.0737518
469 73 1.7578368
472 73 0.8510218
474 75 0.8769308
476 74 0.7473858
479 74 1.2396568
481 74 0.9546578
483 74 0.0737518
485 74 0.1255698
488 74 0.2551148
490 74 0.1773878
492 73 0.0737518
495 73 0.0478428
497 71 1.1878388
499 70 1.4210198
501 70 0.0996608
504 71 0.0737518
506 71 0.0478428
508 71 0.0737518
512 70 0.0996608
514 70 0.0996608
516 69 0.0996608
518 67 1.4728378
521 67 1.5246558
523 68 0.0996608
525 67 0.0996608
528 66 0.3328418
530 65 0.0996608
532 65 1.7060188
534 64 1.5246558
537 64 0.7992038
539 63 1.4469288
541 63 0.5401138
544 63 0.0478428
546 63 0.0478428
548 62 0.0737518
551 61 0.0737518
554 60 1.0323848
556 60 1.2396568
558 59 1.0064758
561 58 0.8251128
563 59 0.1255698
565 59 0.1255698
568 59 0.1773878
570 58 0.0478428
572 58 0.0478428
574 56 0.0996608
577 55 0.5919318
579 55 0.7473858
581 55 0.2810238
584 54 1.1101118
586 53 0.4105688
588 53 0.5919318
590 53 0.7732948
593 52 1.9651088
595 51 1.1360208
598 51 0.7473858
601 51 0.4364778
603 51 0.0737518
605 51 0.1514788
608 51 0.0478428
610 50 0.0996608
612 50 0.2032968
614 50 0.3587508
617 49 0.7214768
619 48 1.0323848
621 49 0.2292058
624 48 0.0996608
626 48 0.0478428
628 48 0.0996608
630 47 0.0737518
633 47 0.7732948
635 46 0.6178408
637 45 1.1619298
641 44 0.7992038
643 45 0.0737518
645 44 -0.0039752
647 44 0.2551148
650 44 0.0737518
652 44 0.2551148
654 43 0.6696588
657 42 1.1619298
659 41 1.7837458
661 42 0.2292058
663 42 0.0478428
666 42 0.0996608
668 42 0.1255698
670 42 0.1514788
673 41 0.0996608
675 41 0.0996608
677 40 1.2655658
680 39 1.1360208
683 39 0.3069328
685 38 0.2032968
687 38 0.0737518
690 38 0.0737518
692 37 0.0478428
694 36 0.0478428
697 35 0.9546578
699 34 1.2396568
701 34 0.5401138
703 34 0.1773878
706 32 0.4105688
708 33 1.0582938
710 32 0.9546578
713 32 0.5142048
715 33 -0.8071542
717 30 1.2914748
719 30 1.0064758
722 31 0.0219338
725 30 0.0219338
727 29 0.0478428
730 29 0.0219338
732 27 1.7319278
734 25 1.1360208
737 26 0.7992038
739 25 0.7214768
741 26 0.6178408
743 25 0.7473858
746 23 0.4105688
748 25 1.2655658
750 24 1.2655658
753 23 0.4105688
755 25 -0.2371562
757 22 1.1101118
759 23 1.0582938
762 23 0.0478428
764 23 0.0737518
766 23 0.0737518
770 23 0.1255698
772 22 0.1255698
774 22 0.0478428
776 20 1.0582938
779 20 1.0842028
781 21 0.0478428
783 20 0.0219338
786 20 0.0737518
788 20 0.0737518
790 19 0.0737518
792 19 0.0737518
795 17 0.6955678
797 16 0.8510218
799 15 1.1619298
802 16 0.4364778
804 16 0.6178408
806 15 0.4623868
810 14 0.1514788
812 14 0.1514788
814 14 0.2551148
816 13 0.5401138
819 12 0.1773878
821 12 1.0064758
823 11 1.0842028
826 12 0.0478428
828 12 0.0478428
830 12 0.0478428
832 11 0.0478428
835 11 0.0478428
837 10 0.1255698
839 10 -0.1853382
842 8 0.7732948
844 8 0.6178408
846 8 0.8510218
848 8 0.5401138
851 8 0.0478428
854 7 0.1255698
856 7 0.2551148
859 7 0.2032968
861 6 0.6437498
863 5 0.6437498
865 6 0.0478428
868 5 0.0478428
870 5 0.0737518
872 5 0.0478428
875 5 0.0219338
877 4 0.0478428
879 4 0.5142048
882 2 0.9805668
884 2 1.1360208
886 2 0.0737518
888 2 0.0737518
891 1 0.4623868
893 1 0.9028398
896 0 0.6178408
