0 -1 0.1773878
2 -2 0.0737518
4 -1 0.2032968
7 -1 0.0478428
9 -1 0.1255698
11 -1 0.0478428
14 -3 1.7319278
16 -4 2.8460148
18 -4 2.9755598
21 -4 2.7682878
23 -4 2.4832888
25 -4 2.6646518
28 -4 2.4573798
30 -3 2.2501078
32 -2 2.2241988
36 -2 2.3019258
38 -2 2.4055618
40 -2 1.5505648
43 -1 1.7837458
45 -2 2.1464718
48 -2 1.4210198
50 -1 1.8614728
52 -1 2.3796528
55 0 1.7578368
57 0 2.3019258
59 0 1.7060188
62 0 2.3019258
64 0 1.7837458
66 1 1.3173838
69 1 2.0687448
71 2 1.7060188
73 3 1.5505648
77 3 1.3692018
79 4 1.2396568
81 4 1.2396568
84 4 1.2655658
86 5 1.3173838
88 5 1.4469288
91 6 1.0323848
93 6 1.2396568
95 7 0.9287488
98 7 1.1878388
100 8 0.9805668
102 8 0.7992038
105 9 1.1101118
107 10 1.0323848
109 11 0.9028398
112 11 0.7992038
114 11 1.1101118
116 12 1.0842028
120 12 0.9546578
122 13 0.7992038
124 14 1.0582938
127 14 1.0582938
129 15 0.8510218
131 15 1.0064758
134 16 1.0842028
136 17 0.9805668
138 18 0.9287488
141 18 0.7473858
143 20 1.1101118
145 20 1.0323848
148 20 0.9546578
150 21 0.8510218
152 22 0.7473858
155 22 0.7473858
157 23 1.0323848
159 23 1.0064758
163 24 0.9805668
165 24 0.9546578
167 24 0.6696588
170 25 0.6437498
172 27 0.6696588
174 28 0.6955678
177 28 0.7992038
179 29 0.7992038
181 30 0.7992038
184 31 0.9028398
186 31 0.5660228
189 32 0.5660228
191 32 0.7214768
193 34 0.6955678
196 34 0.8251128
198 34 0.8769308
200 35 0.6437498
203 36 0.6437498
206 37 0.7214768
208 38 0.7992038
211 39 0.7992038
213 39 0.8510218
215 40 0.8510218
218 40 0.9546578
220 41 0.6178408
222 42 0.5919318
225 42 0.6955678
227 42 0.7473858
229 43 0.7732948
232 44 0.8510218
234 45 0.3846598
236 46 0.7214768
239 47 0.6696588
241 47 0.8510218
243 48 0.7732948
246 49 0.6178408
249 50 0.6437498
251 51 0.6955678
254 51 0.7992038
256 51 0.8251128
258 53 0.5919318
261 53 0.5919318
263 54 0.7473858
265 55 0.7473858
268 55 0.8769308
270 56 0.4623868
272 58 0.6696588
275 59 0.6437498
277 59 0.7992038
279 59 0.7473858
282 59 0.8769308
284 60 0.5919318
286 62 0.6437498
289 62 0.7214768
292 63 0.7473858
294 63 0.8510218
297 64 0.7992038
299 64 0.5660228
301 66 0.5919318
304 66 0.7214768
306 67 0.6955678
308 68 0.8251128
311 69 0.4623868
313 70 0.6178408
315 71 0.5919318
318 71 0.7732948
320 71 0.6955678
322 73 0.5142048
325 73 0.6696588
327 74 0.7473858
329 74 0.5919318
333 75 0.5919318
335 75 0.7214768
338 77 0.7992038
340 78 0.7214768
342 78 0.4882958
345 79 0.7214768
347 80 0.7473858
349 81 0.8251128
352 82 0.8510218
354 82 0.5142048
356 83 0.6696588
359 83 0.7214768
361 83 0.7992038
363 85 0.8251128
366 86 0.8769308
368 87 0.5142048
370 88 0.6696588
373 88 0.6696588
376 89 0.7992038
378 89 0.7992038
381 90 0.6178408
383 92 0.5142048
385 92 0.6955678
388 93 0.6955678
390 93 0.8510218
392 94 0.7473858
395 95 0.5142048
397 95 0.6955678
399 97 0.7473858
402 98 0.8251128
404 98 0.8251128
406 100 0.5919318
409 100 0.6696588
411 100 0.7473858
413 101 0.8251128
416 102 0.8510218
419 103 0.7992038
421 103 0.9028398
424 104 0.5401138
426 104 0.6955678
428 105 0.6437498
431 106 0.7732948
433 106 0.6955678
435 108 0.8510218
438 108 0.5142048
440 109 0.4882958
442 109 0.7214768
445 110 0.6696588
447 112 0.8251128
449 112 0.3846598
452 113 0.6178408
454 114 0.6437498
456 114 0.7473858
459 115 0.7732948
462 116 0.5919318
464 117 0.4623868
467 117 0.7214768
469 118 0.6178408
471 118 0.8510218
474 119 0.5660228
476 120 0.5919318
479 120 0.7732948
481 121 0.7992038
483 121 0.8510218
486 121 0.5401138
488 123 0.6437498
490 123 0.6178408
493 124 0.7473858
495 125 0.7992038
497 126 0.8769308
500 126 0.9028398
502 127 0.6178408
505 127 0.5919318
508 128 0.7732948
510 128 0.7214768
512 129 0.8251128
515 130 0.8251128
517 130 0.9028398
519 130 0.5660228
522 132 0.4882958
524 132 0.6955678
526 133 0.6696588
529 134 0.7992038
531 134 0.7992038
533 135 0.5660228
536 136 0.5660228
538 136 0.6955678
540 137 0.7473858
543 137 0.8251128
545 138 0.3069328
548 140 0.5142048
551 140 0.5142048
553 141 0.1255698
555 142 0.1255698
558 142 0.0478428
560 142 0.0478428
562 143 0.0737518
565 144 0.1514788
567 145 0.0737518
569 145 0.1255698
572 145 0.0737518
574 146 0.0737518
576 146 0.0737518
579 147 0.0996608
581 147 0.0478428
583 148 0.0737518
586 148 0.1255698
589 149 0.7473858
591 148 0.1773878
594 150 0.5142048
596 149 0.2810238
598 151 1.0323848
601 149 0.2810238
603 152 0.4105688
605 152 0.1514788
608 152 1.3951108
610 152 0.3587508
612 153 1.5505648
615 153 1.4728378
617 152 0.7992038
619 153 1.0842028
622 152 0.2032968
624 153 0.5401138
627 153 0.0737518
629 153 0.0737518
632 153 0.0478428
635 153 0.0737518
637 153 0.0737518
639 153 0.1255698
642 153 0.1255698
644 152 0.0996608
646 152 0.2810238
649 152 0.1255698
651 152 0.6178408
653 151 0.2292058
656 152 0.5919318
658 152 0.1514788
660 152 0.2810238
663 152 0.1255698
665 152 0.0996608
667 152 0.1773878
