0 -3 0.1773878
3 -3 0.3587508
5 -3 0.2810238
7 -3 0.2810238
10 -3 0.5660228
12 -4 0.1773878
14 -3 0.5401138
17 -3 0.2292058
19 -3 0.3587508
21 -4 0.1773878
24 -3 0.3587508
26 -6 2.8201058
29 -5 2.7682878
31 -6 2.7682878
34 -5 2.1464718
37 -6 2.7423788
39 -6 2.7941968
41 -5 2.6646518
44 -5 2.0687448
46 -5 2.6387428
48 -5 2.5869248
51 -4 1.9910178
53 -5 2.7164698
55 -4 2.5869248
58 -4 2.5091978
60 -4 2.1982898
62 -3 1.9651088
65 -4 1.9391998
67 -4 2.6128338
69 -4 2.5091978
72 -3 2.3019258
74 -2 1.8873818
77 -3 2.6387428
80 -3 2.6128338
82 -2 2.5091978
84 -2 2.3278348
87 -2 2.1982898
89 -2 2.0687448
91 -2 2.0169268
94 -1 1.9910178
96 -1 2.0946538
98 -1 2.2501078
101 -1 2.3278348
103 0 1.3951108
105 0 1.7578368
108 0 2.1723808
110 0 1.3173838
112 0 1.8873818
115 0 1.8355638
117 0 1.7837458
120 0 1.3173838
123 2 1.8355638
125 2 1.2655658
127 2 1.9132908
130 3 1.4987468
132 3 2.0946538
134 4 1.7060188
137 4 1.3951108
139 4 2.0946538
141 4 1.7578368
144 5 1.5505648
146 6 1.2655658
148 5 2.0428358
151 6 1.7578368
153 6 1.6282918
155 7 1.4469288
158 7 1.1619298
160 7 1.9910178
163 7 1.7578368
166 8 1.6542008
168 8 1.4987468
170 9 1.2137478
173 9 2.0169268
175 10 1.7837458
178 10 1.6282918
180 11 1.4728378
182 11 1.1360208
185 11 2.0169268
187 11 1.8096548
189 12 1.6282918
192 12 1.5764738
194 13 1.4987468
196 14 1.4987468
199 14 1.4728378
201 14 1.4469288
203 14 1.5246558
207 14 1.4987468
209 15 1.6282918
211 15 1.8096548
214 17 1.0323848
216 17 1.1619298
218 18 1.2396568
221 19 1.3692018
223 19 1.4469288
225 19 1.4728378
228 19 1.5505648
230 20 1.5764738
232 20 1.7319278
235 21 1.8873818
237 22 1.0582938
239 22 1.1619298
242 23 1.2137478
244 23 1.2914748
247 23 1.3692018
250 23 1.4728378
252 23 1.5764738
254 23 1.6542008
257 24 1.0582938
259 25 1.1878388
261 25 1.3173838
264 26 1.3951108
266 27 1.4987468
268 27 1.7060188
271 28 1.0064758
273 28 1.1619298
275 29 1.2914748
278 30 1.3951108
280 30 1.4469288
282 30 0.9805668
285 31 1.1360208
287 31 1.3173838
290 31 1.4469288
293 33 1.0582938
295 33 1.2396568
297 33 1.4210198
300 34 1.0582938
302 35 1.2655658
304 35 1.4210198
307 36 0.9805668
309 36 1.2655658
312 37 1.3951108
314 38 0.9546578
316 38 1.1360208
319 38 1.3173838
321 39 1.4728378
323 40 1.0582938
326 40 1.2396568
328 40 1.4469288
330 41 1.0064758
334 41 1.2137478
336 41 1.3951108
338 42 0.9805668
341 42 1.2655658
343 42 1.4469288
345 44 1.0064758
348 44 1.2137478
350 44 1.3951108
352 45 0.9805668
355 46 1.1878388
357 46 1.3692018
359 46 1.6023828
362 48 1.0842028
364 49 1.2914748
366 49 1.3951108
369 49 0.9546578
371 50 1.2137478
373 50 1.3951108
377 51 0.9805668
379 51 1.1878388
381 51 1.4210198
384 52 1.0323848
386 53 1.3173838
388 53 1.4987468
391 55 1.0582938
393 55 1.2914748
395 55 1.4210198
398 56 1.0323848
400 57 1.1878388
402 57 1.3692018
405 58 1.5246558
407 58 1.0582938
409 58 1.2137478
412 59 1.3951108
414 59 0.9805668
416 59 1.1619298
420 60 1.2914748
422 61 1.6023828
424 62 1.0842028
427 62 1.2914748
429 62 1.4469288
431 63 0.9805668
434 63 1.2396568
436 63 1.3951108
438 64 1.0064758
441 65 1.1360208
443 66 1.2914748
445 66 1.4210198
448 66 1.5246558
450 67 1.0842028
452 68 1.2655658
455 68 1.3951108
457 70 1.0582938
461 70 1.2396568
463 70 1.5764738
465 71 1.1101118
468 71 1.3173838
470 71 0.9546578
472 72 1.1360208
475 73 1.3692018
477 73 1.0323848
479 73 1.1101118
482 73 1.3173838
484 74 1.5764738
486 74 1.0582938
489 75 1.2914748
491 76 1.4210198
493 77 0.9805668
496 78 1.2137478
498 78 1.3692018
500 78 1.0064758
504 79 1.1619298
506 79 1.2914748
508 80 1.4469288
511 81 0.9546578
513 81 1.2137478
515 82 1.3432928
518 82 1.4210198
520 82 1.5505648
522 83 1.0582938
525 83 1.2655658
527 84 1.3692018
529 85 1.4728378
532 86 1.0064758
534 86 1.2137478
536 87 1.3432928
539 87 0.9287488
541 88 1.1619298
543 88 1.3692018
547 88 0.9546578
549 89 1.1619298
551 89 1.3692018
554 89 1.0582938
556 91 1.1619298
558 91 1.3692018
561 92 1.4469288
563 92 1.5246558
565 93 1.5246558
568 93 1.5246558
570 93 1.6282918
572 94 1.2655658
575 95 1.0842028
577 95 1.1878388
579 96 1.2914748
582 97 1.4469288
584 97 1.6542008
586 98 1.0582938
590 98 1.2396568
592 99 1.3951108
594 99 1.5246558
597 99 1.6023828
599 100 1.6282918
602 100 1.5246558
604 101 1.3951108
606 102 1.2655658
609 101 1.4728378
611 102 1.7060188
613 103 1.8355638
616 103 1.9132908
618 103 1.0582938
620 104 1.1101118
623 104 1.2137478
625 105 1.3173838
627 105 1.4210198
631 106 1.5246558
633 107 1.0323848
635 107 1.2396568
638 108 1.3951108
640 108 1.6282918
642 109 1.0064758
645 109 1.2137478
647 109 1.3173838
649 110 1.3692018
652 110 1.4987468
654 111 1.5764738
656 112 1.2137478
659 112 1.0323848
661 113 1.2137478
663 113 1.2655658
666 113 1.3692018
668 114 1.4469288
670 114 1.4987468
674 115 1.6023828
676 115 1.7319278
678 115 1.0582938
681 117 1.0842028
683 117 1.1878388
685 117 1.3173838
688 117 1.4210198
690 118 1.4210198
692 118 1.4728378
695 119 1.4987468
697 119 1.6023828
699 119 1.8096548
702 120 1.0064758
704 120 1.2655658
706 120 1.3432928
709 120 1.4469288
711 121 1.1878388
713 122 1.1619298
717 123 1.2914748
719 123 1.4469288
721 124 0.9805668
724 125 1.1360208
726 125 1.2655658
728 125 1.2655658
731 126 1.2914748
733 126 1.1360208
735 126 1.0842028
738 126 1.0842028
740 126 1.2655658
742 127 1.1619298
745 127 1.0582938
747 128 1.0582938
749 129 1.1878388
752 129 1.2396568
754 129 1.2914748
756 130 1.4210198
760 130 1.4728378
762 130 1.6542008
765 130 1.0842028
767 132 1.1360208
769 132 1.1619298
772 132 1.1101118
774 132 1.1101118
776 133 1.2396568
779 133 1.9391998
781 133 1.8355638
783 134 1.7837458
786 134 1.8614728
788 135 1.8355638
790 135 1.1878388
793 136 0.9805668
795 136 1.1619298
797 137 1.2655658
800 137 1.3173838
803 138 1.4469288
805 138 1.5505648
808 139 1.1101118
810 140 1.0582938
812 140 1.2137478
815 140 1.3173838
817 140 1.1878388
819 141 1.3173838
822 141 1.5505648
824 141 1.5764738
826 142 1.1101118
829 143 1.0842028
831 143 0.9805668
833 144 1.0842028
836 145 0.0737518
838 145 0.0478428
840 145 0.2810238
843 145 0.2292058
846 145 0.7214768
848 145 0.6696588
851 147 0.2032968
853 147 0.2032968
855 148 0.0478428
858 148 0.0737518
860 148 0.0737518
862 148 0.0737518
865 149 0.0737518
867 149 0.0478428
869 149 0.0737518
872 150 0.0737518
874 150 0.0219338
876 150 0.0737518
879 150 0.0478428
881 150 0.0737518
883 150 0.0478428
