0 -1 0.0478428
2 -1 0.0737518
5 -1 0.0737518
7 -1 0.0737518
9 -1 0.0478428
12 -2 1.1101118
14 -4 3.0014688
16 -4 2.9237418
19 -4 2.5869248
21 -3 1.4987468
23 -4 2.8201058
26 -3 1.4210198
28 -3 1.7578368
30 -3 2.0428358
33 -3 2.0428358
35 -2 1.8355638
38 -2 1.3432928
40 -2 2.0946538
43 -2 1.8096548
46 -1 1.6282918
48 0 1.4728378
50 0 1.4469288
53 0 1.4728378
55 0 1.5246558
57 0 0.9805668
60 2 1.2137478
62 2 1.3692018
64 3 1.0842028
67 4 0.9287488
69 4 1.0842028
71 5 0.9805668
74 6 0.8510218
76 6 0.7473858
78 7 0.7473858
81 8 0.7214768
83 8 0.7732948
86 9 0.7992038
89 9 0.8510218
91 10 0.6696588
93 11 0.6696588
96 11 0.7214768
98 12 0.7992038
100 12 0.5660228
103 13 0.5401138
105 14 0.7214768
107 15 0.7214768
110 15 0.5919318
112 16 0.6955678
114 17 0.5401138
117 18 0.6437498
119 19 0.6955678
121 20 0.5401138
124 21 0.6178408
126 21 0.4623868
129 22 0.5919318
132 23 0.5142048
134 24 0.6178408
136 24 0.4105688
139 24 0.5142048
141 25 0.5142048
143 27 0.3846598
146 27 0.5401138
148 28 0.4364778
150 29 0.3587508
153 30 0.5142048
155 31 0.5401138
157 32 0.3846598
160 32 0.3069328
162 34 0.4364778
164 34 0.4105688
167 35 0.2551148
169 36 0.4623868
172 37 0.4882958
175 38 0.4364778
177 39 0.2551148
179 40 0.4364778
182 41 0.3587508
184 41 0.3587508
187 42 0.4882958
189 42 0.3846598
191 42 0.3846598
194 44 0.3069328
196 45 0.5142048
198 46 0.3328418
201 47 0.3328418
203 47 0.3069328
205 49 0.4623868
208 50 0.3846598
210 51 0.3328418
213 51 0.2292058
216 52 0.4882958
218 53 0.3069328
220 54 0.3587508
223 55 0.3328418
225 56 0.4882958
227 57 0.4623868
230 58 0.4364778
232 59 0.3587508
234 59 0.4882958
237 60 0.3846598
239 60 0.3587508
241 61 0.3328418
244 62 0.5401138
246 63 0.4105688
248 64 0.3846598
251 65 0.3069328
253 65 0.5142048
256 67 0.3328418
259 68 0.2551148
261 69 0.3328418
263 70 0.4882958
266 71 0.3846598
268 71 0.4105688
270 72 0.3069328
273 73 0.2292058
275 74 0.3587508
277 74 0.3587508
280 75 0.4105688
282 76 0.2551148
284 77 0.2551148
287 78 0.4364778
289 79 0.4105688
291 80 0.3846598
294 81 0.2810238
296 82 0.4105688
299 83 0.4623868
302 84 0.2551148
304 84 0.3069328
306 85 0.5142048
309 86 0.4623868
311 87 0.3587508
313 88 0.3587508
316 88 0.4364778
318 89 0.4882958
320 90 0.3328418
323 92 0.2292058
325 92 0.4364778
327 93 0.4623868
330 94 0.4105688
332 95 0.3587508
334 96 0.2810238
337 97 0.4882958
339 98 0.3587508
342 99 0.3069328
345 100 0.3846598
347 100 0.4882958
350 101 0.4623868
352 102 0.4105688
354 103 0.3328418
357 104 0.5401138
359 104 0.3846598
361 106 0.2292058
364 106 0.3328418
366 107 0.4882958
368 108 0.4364778
371 109 0.3587508
373 110 0.2810238
375 111 0.4882958
378 112 0.3587508
380 113 0.3069328
382 114 0.3587508
386 115 0.1255698
388 115 0.4105688
390 116 0.3846598
393 117 0.3587508
395 118 0.2810238
397 118 0.3069328
400 119 0.4364778
402 119 0.4623868
404 121 0.3328418
407 121 0.2292058
409 121 0.3846598
411 122 0.4623868
414 124 0.3846598
416 125 0.3328418
418 125 0.3587508
421 127 0.4623868
423 127 0.3328418
425 127 0.2810238
429 128 0.4364778
431 129 0.4882958
433 130 0.3587508
436 130 0.3846598
438 131 0.4364778
440 132 0.4882958
443 133 0.2810238
445 134 0.2292058
447 134 0.3846598
450 135 0.4105688
452 136 0.3846598
454 137 0.3846598
457 138 0.2810238
459 138 0.3069328
461 140 0.1773878
464 140 0.0996608
466 141 0.0478428
469 142 0.0737518
472 142 0.0478428
474 143 0.0478428
476 144 0.0219338
479 145 0.0737518
481 145 0.0478428
484 146 0.0478428
486 146 0.0219338
488 147 0.0737518
491 148 0.1514788
493 149 0.2292058
495 149 0.8769308
498 149 1.2655658
500 148 0.9546578
502 151 2.2760168
505 149 0.7214768
507 151 1.0582938
509 151 2.8201058
513 150 2.2760168
515 151 2.2241988
517 151 2.8719238
520 152 1.8873818
522 153 2.1205628
524 153 0.4105688
527 154 0.9287488
529 153 0.2032968
531 154 0.4364778
534 153 0.0737518
536 154 0.1255698
538 154 0.0478428
541 153 0.0737518
543 153 0.0478428
545 153 0.0737518
548 153 0.0996608
550 152 0.0737518
552 152 0.2292058
556 151 0.3069328
558 152 0.9546578
560 151 0.2292058
563 152 0.7473858
565 152 0.1255698
567 152 0.1255698
570 152 0.0737518
572 153 0.0478428
574 153 0.0996608
577 153 0.0478428
579 153 0.0996608
581 153 0.0478428
584 153 0.5660228
586 153 0.2032968
588 153 0.4882958
591 153 0.0737518
593 154 0.2551148
595 154 0.0996608
599 154 0.1255698
601 153 0.0737518
603 153 0.0996608
606 153 0.0737518
