0 153 0.0219338
2 152 0.1514788
5 153 0.1773878
7 152 0.1255698
9 152 0.1255698
12 152 0.3069328
14 153 0.4364778
16 152 0.2032968
19 152 0.1514788
21 152 0.1255698
23 153 0.0996608
25 152 0.0737518
28 152 0.0737518
30 152 0.6437498
33 153 0.4882958
36 152 0.7732948
38 152 1.4469288
40 154 1.5764738
42 151 1.6801098
45 152 1.1619298
47 152 0.9805668
49 153 1.5246558
52 150 2.6905608
54 151 1.4728378
56 151 1.1101118
58 150 0.9546578
61 150 0.2551148
63 151 0.3328418
65 150 0.1514788
68 150 0.1773878
70 149 1.2655658
72 148 1.8873818
76 149 0.3587508
78 149 0.1255698
80 149 0.1773878
82 148 0.0219338
85 147 0.0737518
87 147 0.0737518
89 146 0.0996608
92 144 1.5505648
94 144 1.5246558
96 145 0.0478428
98 145 0.0737518
101 145 0.0737518
103 145 0.0737518
105 144 0.1773878
108 144 0.1255698
110 142 1.3951108
112 142 1.0842028
114 142 0.2032968
118 142 0.0996608
120 142 0.0996608
122 142 0.0996608
125 141 0.0737518
127 141 0.0219338
129 140 0.1514788
131 138 1.4728378
134 138 1.0842028
136 139 0.0996608
138 138 0.0996608
141 137 0.0996608
143 137 0.0478428
145 136 0.3069328
148 135 0.0996608
150 134 1.2396568
152 134 1.0842028
154 134 0.0996608
157 133 0.0219338
159 133 0.0478428
162 132 0.0219338
165 132 0.1255698
167 131 0.4105688
169 132 -0.6257912
171 129 1.3951108
174 129 1.4987468
176 130 0.0737518
178 129 0.0737518
181 129 0.0737518
183 129 0.0737518
185 128 0.0478428
187 128 0.0737518
190 127 0.9546578
192 126 1.2655658
194 127 0.0737518
197 127 0.0478428
199 126 0.0737518
201 125 0.1255698
204 125 0.0478428
207 124 0.0737518
209 123 0.5401138
211 121 1.1619298
214 121 1.1360208
216 121 1.5764738
218 121 0.6437498
221 120 0.2292058
223 119 0.3587508
225 120 0.4105688
227 119 0.1773878
230 118 1.7319278
232 117 1.5505648
234 119 0.0478428
237 118 0.1255698
239 118 0.0996608
241 117 0.0737518
243 117 0.0219338
247 117 0.0478428
249 116 0.7473858
251 114 1.2914748
254 115 1.1619298
256 116 0.0478428
258 115 0.0737518
260 115 0.0478428
263 115 0.0737518
265 114 0.0219338
267 114 0.0737518
270 112 1.3173838
272 112 1.2914748
274 112 0.2551148
277 112 0.2032968
279 111 0.0996608
281 110 0.1773878
283 108 0.8251128
286 108 0.5660228
289 109 0.3069328
291 107 1.7319278
294 106 1.3432928
296 107 0.0219338
298 107 0.0737518
300 107 0.6178408
303 106 0.6696588
305 106 0.1773878
307 105 0.1255698
310 103 1.4469288
312 102 1.9132908
314 104 0.3328418
316 104 0.2292058
319 104 0.0996608
321 104 0.0478428
323 104 0.2551148
326 104 0.5142048
328 102 1.5505648
331 102 1.5246558
333 101 1.6542008
336 101 0.9546578
338 101 0.7214768
340 101 0.1255698
343 101 0.0737518
345 100 0.0478428
347 100 0.0737518
350 98 1.6282918
352 98 1.5505648
354 99 0.3328418
356 98 0.1773878
359 98 0.0478428
361 97 0.0737518
363 96 0.0478428
366 95 0.0737518
368 94 1.1360208
370 94 1.1360208
372 94 0.0737518
376 93 0.0478428
378 93 0.0219338
380 93 0.4882958
383 92 0.1773878
385 91 0.0996608
387 91 0.1514788
389 89 1.7578368
392 89 1.6542008
394 90 0.5142048
396 89 0.6955678
399 89 0.0478428
401 89 0.0478428
403 88 0.0996608
406 88 0.0996608
408 87 1.3432928
410 85 2.1464718
412 87 0.8251128
415 86 0.1514788
418 86 0.0478428
420 86 0.1514788
423 85 0.1255698
425 84 0.0737518
427 84 0.0478428
429 82 1.6023828
432 83 1.3432928
434 83 0.0737518
436 83 0.0478428
439 83 0.0996608
441 82 0.1514788
443 82 0.0478428
445 82 0.0478428
448 80 1.0842028
450 79 1.8096548
452 80 0.1514788
455 80 0.0737518
457 79 0.0996608
460 79 0.0478428
462 78 0.0737518
465 78 0.1514788
467 77 -0.3926102
469 74 1.5764738
472 74 1.4469288
474 73 0.4882958
476 73 0.9805668
479 74 0.6696588
481 74 0.5401138
483 74 0.0478428
485 74 0.0996608
488 74 0.0737518
490 74 0.0737518
492 73 1.3692018
495 71 1.8873818
497 71 0.2292058
499 72 0.0478428
502 72 0.0737518
505 72 0.0996608
507 71 0.1255698
509 71 0.0737518
512 71 0.0478428
514 70 1.5246558
516 69 1.9651088
518 70 0.8510218
521 69 1.0064758
523 70 0.2551148
525 69 0.2032968
528 69 0.0737518
530 68 0.0737518
532 66 1.4469288
535 66 1.4469288
537 66 0.1773878
539 66 0.0737518
541 64 0.0996608
545 64 0.3587508
547 64 0.5919318
549 64 0.7992038
552 63 -0.1853382
554 61 1.9391998
556 62 1.4469288
558 62 0.0996608
561 62 0.0996608
563 61 0.0219338
565 61 0.0996608
568 60 0.1514788
570 60 0.3846598
572 59 1.3173838
574 58 1.9910178
577 58 0.8769308
579 59 0.3846598
581 59 0.3846598
584 59 0.2810238
587 59 0.3069328
589 58 0.4364778
591 58 0.9546578
594 56 1.5505648
596 55 1.5505648
598 56 0.0737518
601 55 0.0996608
603 55 0.1773878
605 54 0.0996608
608 53 0.0996608
610 52 0.1514788
612 51 1.6282918
614 50 1.6542008
617 51 0.1255698
619 51 0.3846598
621 50 0.0737518
624 50 0.0996608
626 50 0.0219338
628 49 0.0478428
631 49 0.6955678
634 47 1.6542008
636 46 1.4987468
638 48 0.0219338
641 47 0.1255698
643 47 0.0737518
645 47 0.0478428
647 46 0.0219338
650 46 0.0478428
652 44 1.4210198
654 43 1.5246558
657 44 0.0478428
659 44 0.0737518
661 43 0.0478428
663 43 0.0737518
666 42 0.2551148
668 42 0.1773878
670 42 0.3069328
674 40 1.5246558
676 40 1.3692018
678 41 0.1255698
681 40 0.1255698
683 40 0.1255698
685 39 0.0478428
687 39 0.0737518
690 38 0.0478428
692 37 1.2655658
694 36 1.2655658
697 37 0.0737518
699 36 0.0737518
701 36 0.1255698
703 35 0.0737518
706 35 0.0737518
708 34 0.0478428
710 33 0.8251128
713 33 1.2137478
716 33 1.3173838
718 33 0.0996608
720 32 0.0737518
723 32 0.0737518
725 31 0.0219338
727 31 0.2551148
730 31 0.4105688
732 29 1.6801098
734 27 1.7060188
737 29 0.2292058
739 28 0.3328418
741 27 0.7992038
743 26 0.2032968
746 27 0.4105688
748 26 0.7214768
750 25 0.7732948
753 24 1.5246558
755 26 -0.4962462
758 25 0.1514788
760 25 0.2032968
763 25 0.0737518
765 24 0.0478428
767 24 0.0478428
770 24 0.0737518
772 23 1.7837458
774 22 2.1723808
776 23 1.1101118
779 23 0.7473858
781 23 0.4364778
783 23 0.5919318
786 23 0.3587508
788 22 0.3587508
790 20 1.4469288
792 19 1.6542008
795 21 0.2810238
797 20 0.0996608
799 20 0.0478428
803 19 0.0219338
805 19 0.0737518
807 18 0.0737518
810 17 0.0737518
812 15 1.2914748
814 15 1.3173838
816 16 0.7992038
819 15 1.1360208
821 15 0.0219338
823 14 0.0737518
826 14 0.0478428
828 13 0.0478428
830 12 1.3173838
832 11 1.5505648
835 12 0.1514788
837 12 0.0996608
839 12 0.0737518
843 12 0.1255698
845 11 0.1255698
847 11 0.0737518
849 10 0.1255698
852 8 1.1878388
854 8 1.2914748
856 8 0.0737518
859 8 0.0737518
861 8 0.0996608
863 7 0.0478428
866 7 0.0737518
868 6 0.0478428
870 4 1.2396568
872 4 1.1101118
875 5 0.0478428
877 4 0.0478428
879 4 0.0737518
882 3 0.0478428
884 2 0.0737518
887 2 0.6178408
889 1 0.2292058
892 0 0.3328418
894 0 0.2810238
