0 152 0.7473858
2 150 0.3069328
4 152 0.5401138
6 152 0.6437498
9 152 0.4105688
11 151 0.2551148
13 153 0.0996608
16 151 0.0219338
18 152 0.0478428
20 152 0.0478428
23 152 0.0737518
25 151 0.0478428
28 152 0.0996608
30 151 0.0737518
33 151 0.0219338
35 152 0.4882958
37 151 0.2551148
40 152 0.5401138
42 151 0.7732948
44 151 0.4623868
46 151 0.1255698
49 151 0.0737518
51 150 0.0996608
53 150 1.0064758
56 149 1.0064758
58 151 0.3846598
60 150 0.1773878
63 150 0.2292058
65 150 0.3587508
67 149 0.0996608
69 149 0.1514788
73 149 0.4623868
75 147 1.5505648
77 147 1.7578368
80 147 0.6955678
82 147 0.4882958
84 147 0.2292058
86 147 0.2810238
89 146 0.0219338
91 146 0.0478428
93 144 1.2914748
96 144 1.3951108
98 145 0.1773878
100 145 0.0478428
102 144 0.0996608
105 144 0.1773878
107 143 0.0478428
109 142 0.0478428
113 142 0.3846598
115 140 1.2655658
117 140 0.9546578
119 141 0.0737518
122 140 0.0219338
124 140 0.0478428
126 139 0.0737518
129 138 0.3846598
131 137 0.0737518
133 136 0.9287488
136 136 0.9287488
138 135 0.0996608
140 135 0.1255698
142 134 0.7473858
145 134 1.6023828
147 133 1.1101118
149 132 0.3846598
152 132 -0.1594292
154 130 0.7473858
157 130 0.6437498
159 128 0.4364778
162 129 0.3328418
164 130 1.1619298
166 129 1.4469288
169 127 0.4364778
171 127 0.5401138
173 127 0.4105688
175 127 0.5660228
178 127 0.0737518
180 127 0.0219338
182 127 0.2032968
185 126 0.3328418
187 126 0.3069328
189 125 0.0737518
192 125 0.1255698
194 124 0.3328418
196 123 0.4882958
199 123 0.3846598
202 122 0.0737518
204 121 1.8096548
206 119 1.4987468
209 119 0.5401138
211 119 1.0842028
213 120 0.3587508
215 120 0.3846598
218 120 0.0996608
220 120 -0.0039752
222 120 0.0478428
225 119 0.0737518
227 119 0.2032968
229 119 0.4105688
231 118 0.4882958
234 117 0.9287488
236 117 1.3432928
238 117 0.0478428
242 117 0.0737518
244 116 0.0478428
246 116 0.0219338
249 115 0.2551148
251 114 0.1773878
253 113 0.9546578
255 113 1.1878388
258 113 0.0737518
260 113 0.0478428
262 112 0.2551148
265 112 0.4882958
267 111 0.3069328
269 109 0.2032968
271 110 0.2551148
274 109 0.6696588
276 109 0.0478428
278 108 0.2292058
281 108 0.1773878
284 108 0.3328418
286 107 0.6437498
288 105 0.5919318
291 105 0.9805668
293 106 0.4882958
295 105 0.6178408
298 105 0.0478428
300 104 0.0478428
302 104 1.8096548
305 102 1.2914748
307 103 0.2032968
309 104 0.3846598
311 102 0.3846598
314 102 0.6178408
316 102 0.1255698
318 101 0.2292058
321 100 0.2032968
323 101 0.5401138
325 100 1.1360208
328 100 0.6696588
331 99 0.4105688
333 99 0.7732948
335 99 0.4882958
338 99 0.0219338
340 99 0.0996608
342 98 0.0478428
344 98 0.0737518
347 98 0.3846598
349 96 0.1773878
351 96 0.9805668
354 95 1.2396568
356 95 0.0996608
358 95 0.0478428
360 95 0.0737518
363 95 0.4364778
365 94 0.2810238
367 94 0.0478428
371 93 0.0219338
373 92 1.1101118
375 92 1.0323848
378 92 0.0478428
380 91 0.0478428
382 91 0.6696588
384 90 0.3328418
387 89 0.5919318
389 89 1.3951108
391 89 0.9287488
394 88 0.8251128
396 89 0.0996608
398 88 0.0737518
400 88 0.0737518
403 87 0.0478428
405 87 0.0219338
407 86 0.3846598
410 85 0.6437498
413 83 0.6696588
415 83 0.4882958
417 83 1.8873818
420 81 1.4728378
422 83 0.5401138
424 82 0.7992038
427 82 0.3587508
429 80 0.3069328
431 81 0.6178408
434 80 0.5660228
436 80 0.0478428
438 80 0.0478428
440 79 0.1514788
443 78 0.5401138
445 79 0.8251128
447 78 0.6696588
450 78 0.1255698
452 77 0.6437498
455 77 0.4105688
457 76 0.0478428
460 76 0.0478428
462 75 1.9910178
464 74 1.7578368
467 73 0.6178408
469 73 0.8769308
471 74 0.3069328
473 74 0.5401138
476 74 0.0219338
478 74 0.0737518
480 74 0.0219338
483 74 0.0737518
485 73 0.0737518
487 72 0.0478428
489 71 0.1773878
492 70 1.0323848
494 70 0.8769308
497 70 0.0478428
500 71 0.1255698
502 70 0.0478428
504 70 0.0478428
507 69 0.1255698
509 69 0.1773878
511 67 1.2137478
513 67 1.2137478
516 67 0.0219338
518 66 0.0996608
520 66 0.7473858
523 63 0.2810238
525 64 1.1101118
527 64 1.9651088
529 66 -0.5221552
532 63 1.1101118
534 63 0.6696588
536 63 0.1514788
540 63 0.0478428
542 63 0.0478428
544 62 0.0737518
546 61 0.6696588
549 60 0.3328418
551 59 0.5660228
553 59 0.6437498
556 60 0.5142048
558 59 0.0996608
560 59 0.0737518
562 59 0.1773878
565 59 0.1773878
567 58 0.0478428
569 58 0.0737518
572 56 0.9546578
574 55 0.8769308
576 55 0.6955678
579 55 1.3173838
581 55 0.9805668
584 53 0.2032968
586 53 0.9546578
589 53 1.2137478
591 53 0.9546578
593 51 0.6437498
596 52 0.0478428
598 52 0.1773878
600 51 0.4364778
602 51 0.2810238
605 50 0.1255698
607 51 0.2032968
609 51 0.5660228
612 50 0.1255698
614 49 -0.6257912
616 49 0.9287488
618 49 1.1101118
621 49 0.2032968
623 49 0.1255698
626 48 0.0219338
629 48 0.0737518
631 47 0.3846598
633 46 0.1514788
635 46 0.4623868
638 45 1.0064758
640 45 0.0478428
642 45 0.0478428
645 44 0.2551148
647 44 0.6696588
649 43 0.1773878
652 44 0.2551148
654 44 -0.3407922
656 42 1.1360208
658 41 1.3173838
661 42 0.0478428
663 42 0.0478428
665 42 0.0478428
669 42 0.0478428
671 41 0.0478428
673 41 0.0996608
675 40 1.0842028
678 39 1.0842028
680 40 0.0996608
682 39 0.0219338
685 39 0.0478428
687 38 0.0737518
689 38 0.0996608
691 37 0.5401138
694 36 0.0737518
696 35 0.9287488
698 34 0.9287488
701 34 1.0842028
703 34 0.7992038
705 32 0.5919318
708 33 1.2914748
711 32 0.7992038
713 31 0.0996608
715 31 0.9546578
718 31 0.7473858
720 31 0.0219338
722 31 0.0478428
725 30 0.0219338
727 29 0.0478428
729 29 0.9805668
731 27 0.9028398
734 28 0.1255698
736 27 0.4623868
738 26 0.5660228
741 26 0.4882958
743 25 0.1255698
745 25 1.7578368
747 24 1.9910178
750 23 0.6178408
753 23 1.1878388
755 23 0.5919318
758 23 0.9287488
760 23 0.0478428
762 23 0.0219338
764 23 0.0737518
767 23 0.0737518
769 23 0.0219338
771 22 0.0737518
774 21 0.4623868
776 20 0.8510218
778 20 0.9287488
781 20 0.2292058
783 20 0.3328418
785 20 0.0996608
787 19 0.0996608
790 18 0.0996608
792 18 0.1514788
794 16 0.9546578
798 16 0.8769308
800 16 0.9028398
802 16 0.7732948
804 15 0.2551148
807 15 0.1773878
809 15 0.1514788
811 15 0.2032968
814 14 0.6696588
816 13 1.1878388
818 12 0.2292058
820 13 0.0219338
823 13 0.0219338
825 12 0.0996608
827 12 0.1773878
830 12 0.3069328
832 12 0.1773878
834 10 1.1878388
836 10 1.2655658
840 10 0.0478428
842 9 0.0478428
844 8 0.2292058
847 9 0.6178408
849 8 0.8769308
851 7 0.2292058
854 8 0.4623868
856 6 0.6696588
858 7 0.1773878
860 7 0.0219338
863 6 0.0737518
865 6 0.0478428
867 6 0.0478428
870 5 0.3069328
872 5 0.1255698
874 4 0.7473858
876 3 0.9287488
879 4 0.0737518
882 3 0.0996608
884 2 0.2032968
887 2 0.5142048
889 0 0.5401138
