0 153 0.1255698
3 152 0.2551148
5 153 0.0996608
8 152 0.0996608
10 152 0.0996608
12 153 0.2032968
14 153 0.3069328
17 152 0.0737518
19 153 0.0996608
21 153 0.2292058
24 153 0.2551148
26 152 0.2810238
28 153 0.1255698
30 152 1.0064758
33 152 0.8510218
35 153 1.0064758
37 152 0.6178408
40 152 0.1773878
42 151 0.2551148
44 153 0.1514788
48 152 0.3328418
50 150 1.9132908
52 150 2.1464718
54 150 1.4728378
57 151 0.7214768
59 150 0.9805668
61 150 0.7992038
64 151 0.7992038
66 151 0.0996608
68 150 0.0737518
70 149 1.4469288
73 149 1.3173838
75 149 0.4882958
77 149 0.5401138
80 148 0.3587508
82 148 0.2551148
84 148 0.1514788
87 147 0.0478428
90 145 1.3173838
92 145 1.0323848
94 145 0.0478428
97 145 0.0737518
99 145 0.0737518
101 144 0.0478428
104 144 0.0478428
106 143 0.0478428
108 143 0.2292058
110 141 1.2396568
113 140 1.2914748
115 141 0.0478428
117 141 0.0737518
120 140 0.0478428
122 140 0.0219338
124 139 0.2292058
126 137 0.1255698
129 136 1.0323848
132 136 0.9287488
134 136 0.3328418
137 135 0.8251128
139 135 0.9805668
141 134 0.2032968
143 133 0.6437498
146 134 1.5246558
148 134 -0.6257912
150 132 1.3692018
153 131 1.3692018
155 132 0.0219338
157 131 0.0737518
160 130 0.4105688
162 129 0.2292058
164 128 0.4623868
166 129 0.9805668
169 129 1.0323848
171 128 0.7473858
174 129 0.0478428
177 128 0.0737518
179 128 0.0737518
181 127 0.0478428
183 127 0.0737518
186 127 0.0478428
188 127 0.5660228
190 125 1.1619298
193 125 1.0842028
195 125 0.0996608
197 125 0.0737518
199 124 0.3328418
202 123 0.1773878
204 121 0.3846598
206 122 0.7732948
209 121 1.1619298
211 120 1.1360208
213 121 0.2292058
215 120 0.5919318
219 120 0.2810238
221 120 -0.0039752
223 119 0.2032968
226 119 0.2810238
228 118 0.4105688
230 117 1.2914748
233 117 0.9805668
235 117 0.0219338
237 117 0.0737518
239 116 0.2551148
242 116 0.0737518
244 116 0.5401138
246 115 1.3432928
249 115 1.0582938
251 113 1.0582938
253 114 0.0737518
255 113 0.0737518
259 114 0.2810238
261 113 0.2292058
263 112 0.0737518
266 112 0.0737518
268 111 0.4882958
270 110 0.7214768
272 109 0.0478428
275 110 0.4105688
277 110 0.8251128
279 109 0.4623868
282 108 0.2551148
284 109 0.1514788
286 108 0.2810238
288 106 1.0842028
291 106 1.1101118
293 107 0.3069328
295 107 0.4364778
298 106 0.0478428
300 105 0.0737518
303 105 0.0478428
306 104 0.0478428
308 103 0.7732948
310 103 1.4210198
312 104 0.1255698
315 104 0.0478428
317 103 0.0737518
319 103 0.3587508
322 102 0.2032968
324 101 0.0996608
326 101 0.2292058
328 100 1.3951108
331 99 1.3173838
333 100 0.0478428
335 100 0.0996608
338 100 0.0478428
340 99 0.0219338
342 98 0.0478428
345 98 0.1773878
348 98 1.2396568
350 95 0.5142048
352 96 0.3846598
355 94 0.8251128
357 94 1.1619298
359 93 0.3328418
361 94 0.4623868
364 94 0.2810238
366 93 0.6178408
368 91 0.5919318
371 91 0.4364778
373 91 0.7473858
375 91 0.4882958
378 92 0.0737518
380 91 0.0478428
382 91 0.1255698
384 91 0.2032968
388 90 1.0064758
390 90 1.0064758
392 89 0.4105688
395 89 0.7473858
397 89 0.4105688
399 89 0.0737518
401 89 0.0478428
404 89 0.0996608
406 88 0.0737518
408 88 0.0478428
411 88 0.0737518
413 86 1.4728378
415 86 1.2914748
417 87 0.0996608
420 86 0.0478428
422 86 0.0996608
424 85 0.1514788
427 84 0.4105688
430 83 0.0996608
432 83 1.0582938
435 82 1.4728378
437 82 0.2292058
439 83 0.1255698
441 82 0.1514788
444 82 0.0737518
446 82 0.0737518
448 81 0.0219338
451 80 0.1255698
453 78 1.5764738
455 78 1.3432928
457 79 0.2292058
460 78 0.0996608
462 78 0.2292058
464 78 0.6696588
467 76 0.5660228
469 75 0.2032968
471 74 0.7992038
474 74 1.3173838
477 75 0.0996608
479 74 0.4882958
481 74 0.2551148
484 74 0.0996608
486 74 0.0996608
488 74 0.0478428
491 73 0.0737518
493 71 1.2137478
495 71 1.0582938
497 71 0.0478428
500 71 0.0478428
502 71 0.0737518
504 71 0.1773878
507 70 0.0737518
509 70 0.0737518
511 69 0.7992038
513 68 0.9805668
517 68 0.0996608
519 68 0.0996608
521 68 0.2032968
524 67 0.1255698
526 65 0.1255698
528 66 0.9028398
530 65 0.7732948
533 63 0.9287488
535 63 0.6437498
537 64 0.4364778
540 64 0.3846598
542 63 0.0478428
544 63 0.0737518
546 63 0.2551148
549 62 0.2032968
551 61 1.0064758
553 60 1.1360208
556 60 0.3846598
559 60 0.1514788
561 59 0.2810238
564 59 0.6696588
566 59 0.7473858
568 59 0.2810238
570 58 -0.7553362
573 57 1.9391998
575 57 1.5764738
577 58 0.2032968
580 57 0.2032968
582 56 0.0996608
584 56 0.0737518
586 54 0.4623868
589 53 0.5142048
591 54 1.2655658
593 53 1.4728378
596 53 0.1773878
598 53 0.1514788
601 52 0.0996608
603 52 0.0996608
606 52 0.4364778
608 51 0.0996608
610 52 -0.4444282
613 49 1.1360208
615 49 1.5246558
617 51 0.0478428
619 50 0.0737518
622 50 0.0996608
624 50 0.0478428
626 49 0.0737518
629 49 0.0996608
631 47 1.2655658
633 46 1.3173838
636 47 0.0737518
638 46 0.0737518
640 46 0.2292058
643 45 0.4364778
646 44 0.3069328
648 43 0.1773878
650 44 0.1514788
653 42 1.2396568
655 42 1.2396568
657 43 0.2292058
659 42 0.0737518
662 42 0.0996608
664 42 0.1773878
666 42 0.0737518
669 41 0.0737518
671 40 1.6023828
673 39 1.4987468
675 40 0.0996608
678 40 0.0737518
680 40 0.0737518
682 40 0.0478428
686 39 0.0996608
688 39 0.0478428
690 38 0.7992038
692 36 0.9028398
695 36 1.1101118
697 36 0.0737518
699 36 0.0478428
702 34 0.2810238
704 34 0.4623868
706 34 0.6955678
709 33 0.1773878
711 33 0.9028398
713 32 0.8510218
715 32 0.0737518
718 32 0.0478428
720 31 0.1255698
722 31 0.1514788
725 31 0.2551148
727 30 0.4882958
730 29 0.7214768
732 28 1.2914748
735 27 1.6542008
737 28 1.1360208
739 26 0.3069328
742 26 0.1773878
744 26 0.3587508
746 25 0.9805668
748 24 0.2810238
751 24 0.8251128
753 24 1.2914748
755 25 0.0219338
758 24 0.0219338
760 24 0.0996608
762 24 0.0219338
765 23 0.0219338
767 23 0.0478428
769 23 0.5919318
772 22 0.8510218
775 22 0.3328418
777 22 0.1514788
779 21 0.0996608
782 21 0.0478428
784 21 0.0737518
786 20 0.1514788
788 19 0.2551148
791 19 1.2655658
793 18 1.3692018
795 18 0.0737518
798 18 0.0737518
800 17 0.2032968
802 16 0.5142048
804 14 1.2914748
807 14 1.1360208
809 15 0.5919318
811 14 1.3951108
815 14 0.0478428
817 14 0.0737518
819 14 0.0478428
821 13 0.1514788
824 13 0.1255698
826 12 0.8251128
828 11 0.3069328
831 11 1.1360208
833 11 1.1619298
835 11 0.0478428
838 10 0.0737518
840 10 0.0219338
842 9 0.1514788
844 9 1.2396568
847 7 0.4364778
849 8 1.0323848
851 7 1.3432928
854 8 0.1514788
857 8 0.0996608
859 7 0.0996608
861 7 0.0996608
864 6 0.0737518
866 6 0.0478428
868 6 0.0737518
871 4 1.4469288
873 4 0.9805668
875 5 0.0219338
877 4 -0.0039752
880 4 0.1255698
882 4 0.1255698
884 3 0.0996608
887 2 0.0478428
889 1 0.2810238
891 1 0.3328418
893 0 0.4882958
896 0 0.3587508
