0 152 1.0323848
8 151 0.8769308
16 151 0.8510218
24 151 0.9805668
32 152 0.9805668
41 151 0.0478428
50 151 0.0996608
58 151 0.0737518
66 151 0.0996608
74 150 0.0478428
82 151 0.0737518
92 150 0.0478428
100 150 0.0996608
108 149 0.0737518
116 149 0.0737518
124 148 0.1255698
133 147 0.0996608
141 147 0.0478428
150 145 0.2551148
158 145 0.0219338
166 144 0.3328418
175 144 0.1514788
183 145 0.0478428
191 145 0.0737518
199 145 0.0996608
208 144 0.0996608
217 143 0.0737518
225 142 0.7473858
233 142 0.3587508
241 142 0.1773878
249 141 0.2551148
259 141 0.0737518
267 141 0.0737518
275 140 0.1773878
283 140 0.2032968
291 140 0.1255698
300 139 0.0478428
308 139 0.2032968
317 138 0.0478428
325 136 0.1514788
333 136 0.0996608
342 137 0.0737518
350 136 0.1514788
358 136 0.0219338
366 135 0.8769308
375 135 -0.0039752
384 135 0.0996608
392 134 0.0737518
400 134 0.0478428
408 134 0.0737518
416 134 0.0737518
425 133 0.1255698
434 133 0.0737518
442 132 0.0737518
450 131 0.1255698
458 131 0.0737518
466 130 0.4105688
475 130 0.0478428
484 130 0.3328418
492 129 0.4882958
500 128 0.0996608
508 129 0.0996608
517 128 0.0996608
525 128 0.0478428
534 128 0.1255698
542 127 0.0737518
550 127 0.0478428
559 127 0.0478428
567 125 0.4105688
575 125 0.0737518
583 123 0.0996608
592 121 0.9028398
601 122 0.5401138
609 121 0.4105688
617 122 0.0219338
625 122 0.1773878
633 122 0.1773878
642 122 0.1255698
651 122 0.0996608
659 121 0.1255698
667 121 0.1514788
675 121 0.1255698
684 121 0.0478428
692 121 0.0737518
701 120 0.0996608
709 120 0.0478428
717 119 0.1514788
726 118 0.2292058
734 118 0.0737518
742 117 0.3846598
750 116 0.6178408
759 115 0.4364778
768 115 0.4623868
776 115 0.0996608
784 114 0.0478428
792 114 0.1255698
800 114 0.1773878
808 113 0.2292058
818 113 0.0737518
826 112 0.2551148
834 112 0.0737518
842 110 0.1773878
850 110 0.3328418
859 110 0.0996608
867 110 0.1255698
876 110 0.0737518
884 110 0.0737518
892 110 0.0996608
901 110 0.1514788
909 110 0.0478428
917 109 0.1514788
926 108 0.0737518
934 108 0.3587508
943 107 0.0996608
951 106 0.0478428
959 105 0.0996608
967 103 0.8510218
975 103 0.4623868
985 104 0.2551148
993 104 0.2810238
1001 104 0.0478428
1009 104 -0.0039752
1017 104 0.0737518
1026 103 0.0996608
1035 102 0.1514788
1043 102 0.0737518
1051 101 0.2551148
1059 101 0.0737518
1068 100 0.2032968
1076 100 0.1514788
1084 100 0.0478428
1093 100 0.1514788
1101 99 0.0996608
1110 97 0.3069328
1118 98 0.0478428
1126 98 0.0478428
1134 97 0.0996608
1142 96 0.4623868
1152 95 0.9287488
1160 95 0.0737518
1168 95 0.0996608
1176 94 -0.2371562
1184 94 0.0478428
1192 93 0.3069328
1201 93 0.0737518
1210 93 0.2292058
1218 93 0.0737518
1226 93 0.0478428
1234 92 0.0996608
1243 92 0.0737518
1251 90 0.1514788
1260 90 0.2032968
1268 90 0.3587508
1276 90 0.0737518
1285 90 0.0996608
1293 89 0.0996608
1301 89 0.0478428
1309 89 0.0737518
1318 89 0.0737518
1327 88 0.0478428
1335 88 0.1514788
1343 87 0.5919318
1351 86 0.6696588
1359 85 0.0219338
1368 84 0.9805668
1377 84 0.0996608
1385 84 0.0737518
1393 83 0.0737518
1401 84 0.0478428
1410 83 0.0478428
1418 83 0.0478428
1427 83 0.3587508
1435 82 0.1514788
1443 82 0.0737518
1452 82 0.0737518
1460 81 0.0737518
1468 79 0.4364778
1476 80 0.1255698
1485 79 0.0737518
1494 79 0.4882958
1502 78 0.1255698
1510 78 0.1773878
1518 77 0.0737518
1526 74 0.7473858
1534 76 0.2292058
1544 75 0.4105688
1552 76 0.1514788
1560 75 0.0737518
1568 75 0.0219338
1576 75 0.0737518
1585 75 0.0737518
1594 75 0.0478428
1602 74 0.0996608
1610 74 0.1773878
1618 74 0.0737518
1627 74 0.0478428
1635 73 0.1255698
1643 72 0.0996608
1652 71 0.7992038
1660 71 0.0737518
1669 71 0.0996608
1677 70 0.0478428
1685 69 0.5919318
1693 69 0.7992038
1701 68 0.5142048
1711 68 0.7992038
1719 68 0.0478428
1727 67 0.2032968
1735 67 0.0996608
1743 66 0.0478428
1752 66 0.1773878
1761 66 0.1255698
1769 65 0.1773878
1777 65 0.0478428
1785 65 0.0996608
1794 65 0.0737518
1802 65 0.0478428
1810 64 0.0737518
1819 64 0.0737518
1827 63 0.3846598
1836 62 0.0737518
1844 62 0.3069328
1852 61 0.4623868
1860 60 0.0737518
1868 59 0.1255698
1878 60 0.0737518
1886 59 0.1773878
1894 59 0.3069328
1902 59 0.0219338
1910 59 0.1514788
1918 58 0.0737518
1927 57 0.0996608
1936 55 0.6437498
1944 55 0.2551148
1952 55 0.0996608
1960 55 0.0737518
1969 55 0.2292058
1977 55 0.3587508
1986 55 0.0737518
1994 54 0.0737518
2002 54 0.0478428
2011 53 0.0996608
2019 53 0.0737518
2027 52 0.1255698
2035 52 0.2292058
2044 52 0.1514788
2053 51 0.3328418
2061 51 0.0737518
2069 51 0.1255698
2077 50 0.0737518
2085 50 0.0737518
2094 50 0.0478428
2103 49 0.0219338
2111 48 0.6437498
2119 47 0.0996608
2127 47 0.4105688
2136 46 0.4105688
2144 46 0.1773878
2153 45 0.1255698
2161 45 0.0219338
2169 44 0.2032968
2178 45 0.0478428
2186 44 0.0737518
2194 44 0.3069328
2202 44 0.0737518
2211 43 0.1255698
2220 43 0.0996608
2228 43 0.0737518
2236 43 0.0219338
2244 42 0.0478428
2252 42 0.0996608
2260 42 0.0996608
2270 41 0.1255698
2278 41 0.0737518
2286 40 0.0478428
2294 40 -0.0039752
2302 38 0.1773878
2311 37 0.1514788
2320 37 0.0478428
2328 36 0.2292058
2336 36 0.0219338
2344 36 0.1773878
2353 36 0.0996608
2361 35 0.0478428
2369 34 0.0996608
2378 34 0.0737518
2386 34 0.1255698
2395 34 0.2810238
2403 34 0.0737518
2411 34 0.0737518
2419 33 0.0478428
2427 32 0.1773878
2437 32 0.1514788
2445 32 0.0478428
2453 31 0.1255698
2461 31 0.0737518
2469 30 0.2810238
2478 29 0.0478428
2487 29 0.4364778
2495 28 0.4364778
2503 28 0.0737518
2511 27 0.0737518
2520 27 0.0478428
2528 26 0.0478428
2536 26 0.0478428
2545 25 0.1773878
2553 25 0.3846598
2562 25 0.3069328
2570 25 0.2551148
2578 25 0.0737518
2586 25 0.0737518
2594 25 -0.1076112
2604 24 0.0737518
2612 24 0.0478428
2620 23 0.0478428
2628 23 0.0219338
2636 23 0.0996608
2644 21 0.2032968
2654 19 0.5142048
2662 20 0.3069328
2670 20 0.3069328
2678 20 0.0478428
2686 19 0.3846598
2695 19 0.0478428
2703 19 0.2292058
2712 17 0.2032968
2720 17 0.0737518
2728 17 0.3587508
2737 16 0.0219338
2745 16 0.2032968
2753 16 0.1514788
2761 16 0.0478428
2770 15 0.0996608
2779 15 0.0996608
2787 15 0.0478428
2795 14 0.1255698
2803 13 0.3587508
2811 12 0.7214768
2820 13 0.2292058
2829 12 0.0478428
2837 12 0.1255698
2845 12 0.0478428
2853 12 0.0996608
2862 12 0.1255698
2870 11 0.0996608
2879 10 -0.4185192
2887 9 0.6955678
2895 9 0.4105688
2904 8 0.0478428
2912 8 0.1514788
2920 8 0.0737518
2928 7 0.0478428
2937 6 0.0996608
2946 7 0.1514788
2954 7 0.0737518
2962 6 0.0219338
2970 6 0.0737518
2978 6 0.0478428
2987 5 0.0478428
2996 4 0.0478428
3004 4 0.0996608
3012 2 0.3846598
3020 2 0.0478428
3028 1 0.2032968
3037 0 0.1514788
3046 1 0.0996608
3054 0 0.0996608
3062 0 0.0219338
3070 0 0.0737518
3079 0 0.0996608
