0 153 0.2810238
13 152 0.1514788
26 153 0.2292058
40 153 0.0478428
53 152 0.0219338
66 152 0.0737518
80 152 0.0219338
93 151 0.0478428
106 150 0.0737518
119 150 0.0737518
133 150 0.0737518
146 149 0.1514788
159 149 0.0996608
173 149 0.1255698
186 148 0.1773878
199 147 0.1514788
213 147 0.0737518
226 147 0.1773878
239 146 0.0737518
253 146 0.0737518
267 145 0.0737518
280 145 0.0737518
294 145 0.0219338
307 145 0.0478428
320 144 0.0996608
333 143 0.0996608
347 142 0.1773878
360 142 0.7473858
373 142 0.0219338
387 142 0.0737518
400 141 0.0737518
413 141 0.0737518
427 141 0.0737518
440 140 0.0996608
453 139 -0.0039752
467 138 0.2551148
480 138 0.4882958
493 138 0.0478428
507 137 0.0478428
520 137 0.0219338
533 137 0.0737518
546 137 0.0478428
560 136 0.4105688
573 135 0.0478428
586 135 0.2032968
600 135 0.0478428
613 135 0.0478428
626 135 0.0478428
640 134 0.0737518
653 134 0.0996608
666 132 0.0996608
681 132 0.1514788
694 132 -0.3148832
707 130 0.1255698
721 131 0.1514788
734 131 0.0478428
747 131 0.0478428
760 131 0.0478428
774 130 0.1255698
787 130 0.1255698
800 129 0.4105688
814 129 0.0737518
827 128 0.0737518
840 128 0.0219338
854 127 0.0478428
867 127 0.0478428
880 126 0.0219338
894 125 0.0219338
907 124 0.1255698
920 124 0.4105688
934 124 0.0478428
947 123 0.0478428
960 123 0.0478428
973 123 0.0737518
987 121 0.0996608
1000 122 0.1773878
1013 121 0.0996608
1027 121 0.0996608
1040 121 0.0737518
1053 121 0.0737518
1067 121 0.0478428
1081 120 0.1514788
1094 120 0.0737518
1108 119 0.0996608
1121 119 0.0737518
1134 119 0.1255698
1148 118 0.1773878
1161 118 0.0478428
1174 117 0.0219338
1188 117 0.2810238
1201 115 0.1255698
1214 116 0.0996608
1227 115 0.0478428
1241 115 0.0737518
1254 114 0.0478428
1267 114 0.0996608
1281 114 0.0219338
1294 113 0.0737518
1307 113 0.0478428
1321 112 0.2292058
1334 111 0.0478428
1347 110 0.1255698
1361 110 0.0996608
1374 110 0.0737518
1387 110 0.0478428
1400 110 0.0737518
1414 110 0.0737518
1427 109 0.0478428
1440 108 0.3328418
1454 107 0.0737518
1467 107 0.4882958
1480 106 0.2292058
1495 107 0.0478428
1508 107 0.0478428
1521 107 0.0478428
1535 106 0.0737518
1548 104 1.3432928
1561 104 0.2292058
1575 104 0.0737518
1588 104 0.0737518
1601 104 0.0737518
1615 104 0.0737518
1628 102 0.2810238
1641 102 0.2292058
1654 102 0.0737518
1668 101 0.0737518
1681 101 0.1255698
1694 101 0.0737518
1708 101 0.0737518
1721 100 0.0478428
1734 100 0.0996608
1748 99 0.0996608
1761 97 0.1773878
1774 98 0.0737518
1788 98 0.0737518
1801 97 0.0737518
1814 96 0.0737518
1828 95 0.1773878
1841 95 0.1255698
1854 95 0.0219338
1867 95 0.0219338
1881 95 0.0737518
1894 95 0.1255698
1907 93 0.5660228
1922 93 0.1773878
1935 93 0.0737518
1948 93 0.0737518
1962 93 0.0737518
1975 92 0.0996608
1988 92 0.0996608
2002 89 0.2032968
2015 90 0.0478428
2028 90 0.0996608
2042 90 0.0996608
2055 90 0.0737518
2068 89 0.0478428
2081 89 0.0737518
2095 89 0.1255698
2108 88 0.1514788
2121 87 0.5142048
2135 87 0.0478428
2148 86 0.0478428
2161 86 0.0737518
2175 85 0.0996608
2188 84 0.3069328
2201 84 0.0996608
2215 84 0.0478428
2228 84 0.0478428
2241 84 0.0737518
2255 84 0.2292058
2268 83 0.0478428
2281 82 0.4364778
2294 82 0.0737518
2308 82 0.1255698
2322 81 0.1773878
2335 80 0.0737518
2349 80 0.0737518
2362 79 0.5660228
2375 79 0.0219338
2389 78 0.1255698
2402 78 0.0478428
2415 78 0.0996608
2429 78 0.0478428
2442 75 0.3069328
2455 75 0.0478428
2469 76 0.2032968
2482 75 0.0737518
2495 75 0.0737518
2508 75 0.1255698
2522 75 0.0737518
2535 74 0.0737518
2548 74 0.0219338
2562 74 0.1514788
2575 73 0.0478428
2588 73 0.5660228
2602 71 0.0996608
2615 72 0.0737518
2628 71 0.0737518
2642 71 0.0478428
2655 71 0.0478428
2668 70 0.0737518
2682 70 0.2292058
2695 69 0.0996608
2708 69 0.1514788
2721 68 0.4105688
2736 68 0.0478428
2749 68 0.0737518
2762 68 0.0996608
2776 68 0.2551148
2789 67 0.1514788
2802 65 0.2032968
2816 65 0.0219338
2829 64 0.0996608
2842 65 0.0737518
2856 65 0.0478428
2869 64 0.0478428
2882 64 0.0996608
2896 63 0.0478428
2909 61 0.5919318
2922 60 0.6955678
2935 60 0.0996608
2949 60 0.1255698
2962 60 0.0996608
2975 60 0.0478428
2989 60 0.0478428
3002 60 0.0219338
3015 59 0.0996608
3029 59 0.2810238
3042 59 0.0478428
3055 58 0.0478428
3069 58 0.0478428
3082 55 1.7578368
3095 56 0.0996608
3109 56 0.0737518
3122 56 0.0996608
3135 55 0.0478428
3149 55 0.0219338
3163 55 0.1514788
3176 54 0.0737518
3189 53 0.2292058
3203 53 0.1514788
3216 53 0.0737518
3229 52 0.0737518
3243 52 0.0996608
3256 52 0.1255698
3269 51 0.2292058
3283 51 0.0478428
3296 51 0.0478428
3309 50 0.0737518
3323 50 0.1514788
3336 49 0.0737518
3349 47 0.4105688
3362 48 0.2292058
3376 47 0.0737518
3389 48 0.0478428
3402 47 0.0478428
3416 47 0.0478428
3429 46 0.0737518
3442 44 0.1514788
3456 45 0.0219338
3469 44 0.0996608
3482 44 0.0996608
3496 44 0.0478428
3509 44 0.0219338
3522 43 0.1255698
3536 43 0.0219338
3549 43 0.0737518
3563 42 0.0219338
3576 42 0.0996608
3590 42 0.0478428
3603 41 0.3069328
3616 40 0.0478428
3630 40 0.0996608
3643 40 0.1514788
3656 39 0.0737518
3670 39 0.1514788
3683 38 0.0478428
3696 38 0.0219338
3710 37 0.1773878
3723 37 0.0478428
3736 36 0.0737518
3750 36 0.0737518
3763 36 0.1255698
3776 36 0.0737518
3789 34 0.3328418
3803 34 0.1255698
3816 34 0.0996608
3829 34 0.0478428
3843 34 0.0737518
3856 33 0.0219338
3869 32 0.3069328
3883 31 0.0737518
3896 31 0.0478428
3909 31 0.0996608
3923 31 0.1514788
3936 30 0.0478428
3949 29 0.3328418
3963 29 0.1255698
3977 29 0.0478428
3990 28 0.1255698
4004 28 0.0737518
4017 28 0.0737518
4030 28 0.0737518
4043 27 0.3069328
4057 26 0.0737518
4070 25 0.1255698
4083 25 0.0996608
4097 25 0.0478428
4110 25 0.0478428
4123 25 0.0478428
4137 24 0.0478428
4150 24 0.0478428
4163 23 0.1255698
4177 23 0.0737518
4190 22 0.0478428
4203 21 0.9287488
4216 21 0.1255698
4230 21 0.0996608
4243 21 0.0219338
4256 21 0.0996608
4270 21 0.0996608
4283 20 0.0478428
4296 19 0.0478428
4310 17 0.2292058
4323 17 0.1514788
4336 17 0.0737518
4350 17 0.0737518
4363 17 0.0478428
4376 17 0.0478428
4391 16 0.0996608
4404 16 0.0219338
4417 15 0.0219338
4431 14 0.0737518
4444 14 0.2292058
4457 14 0.0478428
4470 13 0.1514788
4484 13 0.0996608
4497 13 0.0478428
4510 13 0.0478428
4524 13 0.1255698
4537 12 0.0219338
4550 12 0.0737518
4564 12 0.0478428
4577 10 0.0996608
4590 8 0.3328418
4604 9 0.1773878
4617 9 0.0737518
4630 8 0.0996608
4644 8 0.0996608
4657 8 0.0996608
4670 8 0.0737518
4683 7 0.2551148
4697 6 0.0996608
4710 6 0.2292058
4723 5 0.0737518
4737 5 0.0478428
4750 5 0.0737518
4763 5 0.0219338
4777 5 0.1255698
4790 4 0.0737518
4804 3 0.5142048
4818 2 0.0737518
4831 2 0.1514788
4844 2 0.0737518
4858 2 0.1255698
4871 1 0.0737518
4884 1 0.2032968
4897 0 0.0478428
4911 0 0.1255698
