0 -2 0.3587508
3 -3 0.1514788
5 -2 0.4364778
7 -3 0.1255698
10 -2 0.3587508
12 -2 0.2032968
14 -2 0.2292058
17 -2 0.4623868
19 -3 0.1514788
21 -2 0.3846598
24 -2 0.2551148
26 -5 2.8201058
29 -5 2.8719238
31 -5 2.8460148
34 -4 2.0169268
37 -5 2.7423788
39 -4 2.2241988
41 -5 2.7423788
44 -5 2.6128338
46 -4 2.2241988
48 -4 1.8614728
51 -5 2.0946538
53 -4 2.7164698
55 -4 2.5869248
58 -4 2.5610158
60 -4 2.5610158
62 -3 2.4832888
65 -3 2.3796528
67 -2 2.2241988
69 -2 1.8873818
72 -1 1.6023828
74 -2 2.6905608
77 -2 2.6128338
80 -2 2.5610158
82 -2 2.5351068
84 -2 2.5091978
87 -1 2.4573798
89 -1 2.5351068
91 -1 1.4987468
94 0 1.6801098
96 0 1.9910178
98 0 2.3019258
101 0 1.5246558
103 0 1.9910178
105 0 1.3432928
108 0 1.8873818
110 1 1.4210198
112 2 2.0428358
115 2 1.6801098
117 3 1.3173838
120 3 2.0169268
123 3 1.7060188
125 4 1.5246558
127 4 1.3432928
130 5 1.2137478
132 4 1.4469288
134 4 1.9651088
137 5 1.8614728
139 5 1.9132908
141 6 1.7319278
144 6 1.7319278
146 7 1.8096548
148 7 1.7060188
151 8 1.7319278
153 8 1.7319278
155 8 1.6801098
158 9 1.6542008
160 10 1.6542008
163 10 1.6023828
166 10 1.5246558
168 11 1.4469288
171 12 1.3951108
173 12 1.3173838
175 12 1.3173838
178 12 1.2914748
180 13 1.2914748
182 14 1.3692018
185 14 1.4210198
187 14 1.4728378
189 14 1.6282918
192 14 1.0582938
194 16 1.1878388
196 16 1.3692018
199 17 1.4987468
201 18 1.0323848
203 19 1.2396568
207 19 1.4210198
209 19 1.2914748
211 20 1.1619298
214 20 1.3173838
216 20 1.4987468
218 21 1.0323848
221 22 1.2655658
223 22 1.3692018
225 23 1.0064758
228 24 1.2137478
230 23 1.3951108
232 24 0.9805668
235 24 1.2396568
237 24 1.4210198
239 25 1.0064758
242 26 1.2655658
244 26 1.3692018
247 27 1.0323848
250 27 1.2655658
252 28 1.4210198
254 29 1.0064758
257 30 1.2396568
259 30 1.3692018
261 31 0.9546578
264 31 1.2137478
266 31 1.3951108
268 32 1.1101118
271 33 1.2655658
273 34 0.9546578
275 34 1.2396568
278 34 0.9805668
280 35 1.2396568
282 36 0.9805668
285 36 1.2655658
287 37 0.9546578
290 38 1.2655658
293 39 0.9805668
295 39 1.2396568
297 40 1.0064758
300 40 1.2396568
302 40 1.0064758
304 40 1.2914748
307 41 1.0582938
309 41 1.2655658
311 42 1.0323848
314 42 1.3173838
316 43 1.1101118
318 43 1.1101118
321 44 1.1360208
323 44 1.0582938
325 45 1.1619298
328 46 1.4210198
330 47 1.1101118
334 47 1.2914748
336 48 1.0064758
338 49 1.2396568
341 49 0.9546578
343 50 1.2137478
345 50 0.8769308
348 50 1.1619298
350 51 0.8510218
352 51 1.1619298
355 52 0.9287488
357 53 1.1360208
359 53 1.0582938
362 54 1.1360208
364 55 1.3173838
366 55 1.1619298
369 56 1.3692018
371 57 1.0842028
373 57 1.2914748
377 58 0.9805668
379 58 1.2914748
381 59 0.9287488
384 59 1.1878388
386 59 0.9287488
388 60 1.2137478
391 61 0.8251128
393 61 1.2137478
395 63 0.9028398
398 63 1.1878388
400 63 0.8510218
402 63 1.1619298
405 64 1.1878388
407 64 1.1619298
409 65 1.3692018
412 66 1.0582938
414 67 1.2655658
416 67 0.9546578
420 68 1.2396568
422 69 1.0064758
424 69 1.2655658
427 70 0.9805668
429 70 1.3173838
431 71 1.0323848
434 71 1.2396568
436 72 1.1878388
438 72 0.9287488
441 73 1.1360208
443 73 1.4210198
445 74 1.1878388
448 74 1.3173838
450 74 1.1101118
452 74 1.3692018
455 76 1.0582938
457 77 1.3432928
459 78 1.0323848
463 78 1.2396568
465 79 0.9546578
467 79 1.2137478
470 80 0.8510218
472 81 1.1878388
474 81 1.3692018
477 82 1.1619298
479 82 1.3173838
481 83 0.9546578
484 83 1.2655658
486 83 0.9805668
488 84 1.1878388
491 85 1.3692018
493 86 1.0323848
495 86 1.3173838
498 87 1.0323848
500 87 1.2655658
504 88 1.0323848
506 88 1.2655658
508 89 1.0064758
511 89 1.2914748
513 90 1.0582938
515 91 1.2914748
518 91 1.0582938
520 92 1.3173838
522 92 1.4469288
525 93 0.9546578
527 94 1.2137478
529 94 1.3692018
532 94 1.6023828
534 95 1.2137478
536 96 1.3432928
539 97 0.9805668
541 97 1.2655658
543 98 1.5246558
547 99 1.1360208
549 99 1.3173838
551 99 0.9287488
554 100 1.1360208
556 100 1.2914748
558 101 1.4469288
561 102 1.5246558
563 102 1.7319278
565 103 1.0582938
568 103 1.2655658
570 103 1.3951108
572 103 0.9805668
575 104 1.1619298
577 105 1.3692018
579 106 1.0582938
582 106 1.2396568
584 106 1.3432928
586 107 1.1101118
590 108 1.3173838
592 109 1.0582938
594 108 1.3173838
597 108 1.0842028
599 110 1.1878388
601 110 1.3692018
604 112 1.0064758
606 112 1.2137478
608 112 1.4469288
611 113 1.0582938
613 113 1.3173838
615 113 1.0582938
618 115 1.1360208
620 115 1.3432928
622 116 0.9805668
625 116 1.2137478
627 116 1.3951108
629 117 0.9805668
633 117 1.2914748
635 118 1.4728378
637 119 1.0842028
640 119 1.2137478
642 119 1.4210198
644 119 0.9546578
647 120 1.1878388
649 121 1.3432928
651 121 0.9287488
654 121 1.2137478
656 121 1.4469288
659 122 1.1101118
661 123 1.2914748
663 124 0.9805668
666 124 1.2655658
668 125 1.5505648
670 126 1.1101118
674 126 1.2655658
676 126 1.4210198
678 126 1.4987468
681 127 0.9805668
683 127 1.2137478
685 127 1.2914748
688 127 1.4469288
690 129 0.9805668
692 129 1.2655658
695 129 1.3951108
697 130 1.0064758
699 130 1.2396568
702 130 1.4469288
704 132 1.0064758
706 132 1.2914748
709 132 1.3951108
711 132 1.4728378
713 133 1.7060188
717 134 1.0582938
719 134 1.1878388
721 134 1.3432928
724 134 1.5246558
726 135 0.9805668
728 136 1.2137478
731 136 1.3432928
733 136 1.2137478
735 138 1.1360208
738 138 1.3432928
740 139 0.9287488
742 139 1.2137478
745 139 1.3951108
747 140 0.7473858
749 140 0.9546578
752 141 0.7732948
754 142 0.5660228
756 142 1.2137478
760 142 1.3432928
762 144 0.8510218
764 143 0.5660228
767 145 0.1255698
769 145 0.0996608
771 145 0.0996608
774 145 0.0737518
776 145 0.3069328
778 145 0.5660228
781 147 0.1255698
783 147 0.1773878
785 147 0.0737518
788 148 0.1255698
790 148 0.0478428
792 148 0.0478428
795 149 0.0478428
797 149 -0.0039752
799 149 0.0219338
803 150 0.0219338
805 150 0.0478428
807 150 0.0478428
810 150 0.2032968
812 150 0.0737518
814 151 0.2032968
817 151 0.0478428
819 151 0.0996608
822 151 0.0478428
824 151 0.0737518
826 151 0.1773878
829 152 0.0737518
831 152 0.4105688
833 151 0.0996608
836 152 0.1255698
838 152 0.0996608
840 152 0.0996608
843 152 0.0478428
