0 153 0.0219338
14 153 0.0219338
27 153 0.0219338
40 153 0.0737518
54 152 0.0478428
67 153 0.2551148
80 152 0.0737518
94 152 0.0737518
107 151 0.0996608
120 150 0.1255698
134 150 0.0737518
147 150 0.2292058
160 150 0.1514788
174 150 0.4105688
187 149 0.0996608
200 148 0.1255698
214 147 0.0737518
227 147 0.0478428
240 147 0.0478428
253 147 0.3846598
267 147 0.1773878
280 145 0.0996608
293 145 0.1255698
307 145 0.0737518
320 145 0.0996608
333 145 0.2292058
347 145 0.1514788
360 144 0.0219338
373 142 0.0737518
387 141 0.4105688
400 142 0.0478428
414 142 0.1773878
428 142 0.2810238
441 141 0.0996608
454 140 0.1773878
467 139 0.2551148
481 139 0.0737518
494 139 0.0996608
507 139 0.0737518
521 139 0.1514788
534 138 0.0737518
547 137 0.0996608
561 136 0.0737518
574 136 0.1255698
587 136 0.0737518
601 136 0.0996608
614 136 0.1255698
627 135 0.0737518
641 134 0.3328418
654 134 0.1773878
667 134 0.0996608
680 134 0.1773878
694 134 0.4364778
707 133 0.0996608
720 132 0.2810238
734 131 0.2810238
747 130 0.0996608
760 130 0.1255698
774 131 0.6696588
787 131 0.0996608
800 130 0.0737518
815 128 0.0478428
828 128 0.1773878
841 128 0.0478428
855 128 0.0996608
868 128 0.2032968
881 127 0.0996608
894 127 0.1773878
908 125 0.2551148
921 125 0.0478428
934 125 0.1255698
948 125 0.0996608
961 124 0.0478428
974 123 0.0737518
988 122 0.7473858
1001 122 0.0737518
1014 123 0.2810238
1028 123 0.4105688
1041 122 0.0219338
1054 121 0.1255698
1068 121 0.1773878
1081 121 0.0737518
1094 120 0.0996608
1107 121 0.0737518
1121 120 0.2551148
1134 120 0.3069328
1147 119 0.0996608
1161 117 0.1514788
1174 118 0.0737518
1187 118 0.0737518
1201 118 0.1514788
1215 117 0.0996608
1228 116 0.0737518
1242 115 0.0737518
1255 115 0.0478428
1268 115 0.0737518
1282 114 0.0996608
1295 114 0.1255698
1308 114 0.0737518
1321 113 0.0996608
1335 112 0.2810238
1348 111 0.0478428
1361 111 0.0737518
1375 112 0.6178408
1388 111 0.1514788
1401 110 0.1773878
1415 109 0.0737518
1428 109 0.1514788
1441 109 0.0737518
1455 108 0.0478428
1468 108 0.0737518
1481 108 0.0996608
1495 106 0.5919318
1508 106 0.0478428
1521 106 0.1514788
1534 106 0.0737518
1548 107 0.1514788
1561 106 0.2032968
1574 104 0.2292058
1588 104 0.1773878
1601 104 0.0737518
1614 104 0.1773878
1629 104 0.2032968
1642 104 0.2551148
1655 103 0.4882958
1669 100 0.1773878
1682 101 0.0478428
1695 101 0.0737518
1709 101 0.0737518
1722 101 0.5401138
1735 101 0.4105688
1749 100 0.0737518
1762 99 0.0737518
1775 98 0.0478428
1788 98 0.0737518
1802 98 0.0219338
1815 98 0.1773878
1828 98 0.0996608
1842 97 0.0996608
1855 95 0.2551148
1868 95 0.0996608
1882 95 0.0737518
1895 95 0.4623868
1908 95 0.3069328
1922 93 0.0478428
1935 93 0.1255698
1948 93 0.0737518
1961 93 0.0737518
1975 92 0.0737518
1988 92 0.1773878
2001 92 0.1514788
2015 90 0.7214768
2028 90 0.1255698
2041 90 0.0737518
2056 90 0.1255698
2069 90 0.1773878
2082 90 0.1514788
2096 89 0.0737518
2109 89 0.0737518
2122 88 0.0478428
2136 87 0.2551148
2149 87 0.0996608
2162 87 0.1255698
2176 87 0.4623868
2189 86 0.1514788
2202 85 0.0996608
2215 84 0.7214768
2229 84 0.0737518
2242 84 0.0478428
2255 83 0.1255698
2269 83 0.1255698
2282 83 0.0996608
2295 82 0.0996608
2309 82 0.0478428
2322 82 0.0996608
2335 81 0.2551148
2349 80 0.0737518
2362 80 0.0737518
2375 80 0.1255698
2389 80 0.0996608
2402 79 0.0478428
2415 79 0.0996608
2428 78 0.0478428
2442 78 0.1255698
2456 75 0.0478428
2469 75 0.0737518
2483 76 0.0478428
2496 76 0.0737518
2509 76 0.0737518
2523 76 0.1514788
2536 75 0.0996608
2549 75 0.0737518
2563 74 0.0996608
2576 74 0.0478428
2589 74 0.0996608
2603 74 0.1255698
2616 73 0.0996608
2629 70 0.4105688
2642 71 0.0996608
2656 71 0.0996608
2669 71 0.1773878
2682 71 0.3069328
2696 71 0.1255698
2709 69 0.1255698
2722 68 0.3587508
2736 68 0.0737518
2749 68 0.0737518
2762 68 0.0996608
2776 68 0.1255698
2789 68 0.0737518
2802 66 0.2292058
2816 65 0.1514788
2829 65 0.1255698
2842 65 0.0478428
2855 65 0.1773878
2870 65 0.0996608
2883 64 0.0737518
2896 63 0.0737518
2910 63 0.2810238
2923 62 0.0996608
2936 61 0.0996608
2950 61 0.0737518
2963 61 0.0737518
2976 61 0.0996608
2990 60 0.1514788
3003 60 0.0478428
3016 60 0.0737518
3030 60 0.0478428
3043 60 0.1773878
3056 59 0.3328418
3069 59 0.0478428
3083 59 0.0478428
3096 56 0.1773878
3109 56 0.2551148
3123 56 0.1255698
3136 56 0.1773878
3149 56 0.0996608
3163 56 0.0737518
3176 55 0.0996608
3189 54 0.8510218
3203 53 0.0478428
3216 53 0.0996608
3229 53 0.2292058
3243 53 0.0737518
3256 52 0.0737518
3269 51 0.0996608
3283 51 0.0219338
3297 51 0.0478428
3310 51 0.0996608
3323 51 0.1514788
3337 50 0.0737518
3350 49 0.1514788
3363 48 0.1514788
3377 48 0.0996608
3390 48 0.1255698
3403 48 0.0737518
3417 48 0.0996608
3430 47 0.2032968
3443 46 0.0478428
3457 45 0.3328418
3470 45 0.0478428
3483 44 0.0478428
3496 45 0.1773878
3510 45 0.1255698
3523 44 0.0737518
3536 43 0.0737518
3550 43 0.1773878
3563 42 0.0478428
3576 42 0.0478428
3590 43 0.0737518
3603 42 0.0737518
3616 42 0.0996608
3630 41 0.1773878
3643 40 0.0996608
3656 39 0.2551148
3670 39 0.0996608
3683 39 0.0478428
3697 39 0.1773878
3710 38 0.4364778
3724 38 0.0737518
3737 36 0.1773878
3750 35 0.0996608
3764 36 0.0478428
3777 36 0.1255698
3790 36 0.1255698
3804 36 0.0996608
3817 34 0.3846598
3830 34 0.2032968
3844 34 0.0478428
3857 34 0.0737518
3870 34 0.2551148
3884 34 0.0737518
3897 32 0.3846598
3910 31 0.2292058
3923 31 0.0996608
3937 31 0.2032968
3950 31 0.0996608
3963 31 0.4105688
3977 28 0.5660228
3990 29 -0.2371562
4003 28 0.0737518
4017 28 0.0478428
4030 28 0.0737518
4043 28 0.0737518
4057 28 0.1255698
4070 27 0.3069328
4083 26 0.2032968
4097 25 0.1255698
4111 25 0.0737518
4124 25 0.1773878
4137 25 0.2292058
4151 25 0.4882958
4164 25 0.2032968
4177 24 0.0996608
4191 23 0.2551148
4204 23 0.0478428
4217 23 0.0996608
4231 22 0.1514788
4244 21 0.1514788
4257 20 0.1514788
4271 20 0.0737518
4284 20 0.0737518
4297 20 0.2292058
4311 20 0.3587508
4324 19 0.1255698
4337 17 0.2810238
4350 17 0.0996608
4364 17 0.0478428
4377 17 0.4105688
4390 17 0.2810238
4404 17 0.0737518
4417 16 0.2551148
4430 15 0.0737518
4444 15 0.0478428
4457 14 0.0478428
4470 15 0.0737518
4484 14 0.1255698
4497 14 0.0478428
4510 13 0.0996608
4525 13 0.0996608
4538 12 0.0996608
4551 12 0.0737518
4565 12 0.0996608
4578 12 0.2032968
4591 11 0.1255698
4604 10 0.0996608
4618 8 0.1773878
4631 9 0.0478428
4644 9 0.1255698
4658 9 0.2551148
4671 8 0.1255698
4684 8 0.0996608
4698 7 0.7732948
4711 6 0.0737518
4724 6 0.0737518
4738 6 0.1514788
4751 6 0.3846598
4764 6 0.0737518
4777 5 0.0219338
4791 4 0.1773878
4804 3 0.0219338
4817 2 0.1255698
4831 2 0.0737518
4844 2 0.0478428
4857 2 0.0478428
4871 2 0.1514788
4884 1 0.1773878
4897 1 0.0737518
4911 0 0.2810238
4924 0 0.1514788
4938 0 0.1255698
