0 153 0.0737518
3 153 0.0478428
5 154 0.0219338
7 153 0.0219338
9 153 0.0478428
12 153 0.0996608
14 154 0.0737518
16 152 0.0478428
19 153 0.0996608
22 153 0.1514788
24 153 0.0996608
26 152 0.0478428
29 153 0.0996608
31 152 0.0737518
33 153 0.1514788
36 152 0.6437498
38 151 1.8614728
40 153 1.7319278
43 151 1.0064758
45 151 0.8769308
47 151 0.3328418
49 152 0.5142048
52 152 0.5919318
54 152 0.4882958
56 149 2.0946538
59 149 2.3537438
61 149 1.1101118
64 149 1.0064758
66 150 0.3587508
69 150 0.1514788
71 150 0.0478428
73 150 0.0737518
76 149 1.1101118
78 147 2.0687448
80 148 1.1360208
82 148 0.3846598
85 147 0.4105688
87 147 0.1255698
89 146 0.0996608
92 145 0.0996608
94 145 0.0219338
96 144 1.7060188
99 144 1.1619298
101 145 0.0996608
103 144 0.0478428
105 144 0.1514788
109 143 0.2292058
111 142 0.0737518
113 142 0.0478428
116 141 0.9028398
118 140 1.2655658
120 141 0.1255698
122 140 0.0737518
125 140 0.0478428
127 139 0.0737518
129 138 0.0737518
132 138 0.2292058
134 137 0.2032968
136 136 1.2396568
138 135 0.9805668
141 136 0.0478428
143 135 0.1255698
145 135 0.4623868
149 134 0.0996608
151 134 0.1255698
153 134 0.1773878
155 132 1.0323848
158 131 1.3951108
160 132 0.0996608
162 132 0.0737518
165 131 0.1773878
167 130 0.3328418
169 130 0.0737518
172 130 0.2032968
174 129 0.1773878
176 127 1.9132908
178 127 1.8096548
181 129 0.0478428
183 128 0.0737518
185 128 0.0737518
188 127 0.0737518
190 127 0.0219338
193 127 0.0219338
195 126 0.9805668
198 125 1.1101118
200 125 0.3069328
202 125 0.3069328
205 125 0.0478428
207 124 0.0478428
209 124 0.0478428
211 123 0.0737518
214 122 0.3069328
216 120 1.3432928
218 120 0.9028398
221 120 0.1773878
223 121 0.3328418
225 120 0.0219338
227 120 0.0737518
230 119 0.1255698
232 119 0.1514788
235 117 1.0582938
238 117 1.2137478
240 118 0.0478428
242 117 0.0219338
245 117 0.0737518
247 116 0.0478428
249 115 0.1514788
251 115 0.3069328
254 115 -0.0039752
256 113 1.1878388
258 113 1.1619298
261 114 0.0737518
263 113 0.0478428
265 113 0.0737518
267 112 0.0737518
270 111 0.0478428
272 111 0.0478428
274 109 0.8769308
278 109 0.8769308
280 110 0.3069328
282 108 0.2032968
284 109 0.1255698
287 108 0.1514788
289 108 0.5401138
291 107 0.1514788
294 107 0.3328418
296 105 1.7837458
298 106 1.4987468
301 106 0.0996608
303 104 0.0478428
305 103 0.1773878
307 104 0.3069328
310 102 1.5764738
312 102 1.2655658
314 102 1.6801098
317 102 1.1101118
320 102 0.2032968
322 102 0.1255698
324 102 0.1773878
327 101 0.0478428
329 101 0.1514788
331 101 0.4105688
334 100 0.7473858
336 98 2.1205628
338 99 0.7473858
340 100 0.5142048
343 100 0.3846598
345 99 0.3587508
347 99 0.3587508
350 100 0.3328418
352 99 0.2292058
354 97 1.7837458
357 96 1.6801098
359 98 0.1255698
361 98 0.0737518
364 96 0.0996608
367 96 0.0996608
369 95 0.0737518
371 95 0.0996608
374 94 1.0582938
376 93 1.3951108
378 93 0.0996608
380 93 0.0737518
383 92 0.0737518
385 92 0.1773878
387 91 0.2032968
390 90 0.1255698
392 90 0.1773878
394 90 1.7319278
396 89 1.3692018
399 88 1.3951108
401 87 1.5505648
403 89 0.0996608
407 89 0.0737518
409 88 0.0737518
411 88 0.0219338
413 88 0.0996608
416 88 0.0996608
418 86 1.1878388
420 85 1.8096548
423 85 1.4987468
425 86 0.1255698
427 86 0.0996608
430 86 0.0737518
432 85 0.0737518
434 84 0.1255698
436 84 0.1255698
439 82 1.6801098
441 82 1.6282918
443 83 0.1514788
446 83 0.1255698
449 82 0.0478428
451 82 0.0219338
453 82 0.0219338
456 80 0.0737518
458 79 1.1878388
460 78 1.5246558
463 79 0.0996608
465 78 0.0737518
467 78 0.0219338
469 77 0.0996608
472 76 0.1773878
474 74 0.3587508
476 74 0.8510218
479 74 1.5505648
481 73 1.3173838
483 74 0.1514788
486 74 0.0996608
488 74 0.0478428
491 74 0.0737518
493 73 0.0737518
496 72 0.0737518
498 70 1.1101118
500 70 1.1878388
503 71 0.0478428
505 71 0.1773878
507 71 -0.3926102
509 70 0.0737518
512 70 0.0996608
514 70 0.0478428
516 69 0.0737518
519 67 1.5505648
521 66 1.5505648
523 68 0.1255698
525 67 0.0478428
528 67 0.0478428
530 66 0.0996608
533 66 0.2292058
536 65 0.3846598
538 64 0.7214768
540 63 0.9546578
542 64 0.0478428
545 64 0.0478428
547 63 0.0478428
549 63 0.0219338
552 62 0.0996608
554 62 0.0737518
556 61 0.0478428
559 59 1.1360208
561 59 1.2137478
563 60 0.5660228
565 59 0.0996608
568 59 0.1514788
570 59 0.2032968
572 59 0.0737518
576 58 0.0737518
578 55 1.4210198
580 55 1.4728378
582 54 0.7992038
585 55 1.1619298
587 54 0.2292058
589 54 0.3328418
592 54 0.7214768
594 53 0.9805668
596 53 -0.8589722
598 51 1.7578368
601 51 1.2914748
603 52 0.0478428
605 52 0.0737518
608 52 0.0478428
610 51 0.0737518
612 51 0.0478428
614 51 0.0478428
617 49 1.6023828
620 49 1.3951108
622 50 0.5142048
625 50 0.2292058
627 50 0.1255698
629 50 0.1255698
632 50 0.0996608
634 49 0.1255698
636 48 0.4882958
638 46 1.8614728
641 46 1.7837458
643 47 0.0478428
645 46 0.0737518
648 46 0.0478428
650 45 0.0737518
652 44 0.7732948
654 44 0.2551148
657 42 1.2396568
659 41 2.0687448
662 42 0.0737518
665 41 0.1773878
667 42 0.0478428
669 42 0.0219338
671 41 0.0219338
674 41 0.0219338
676 40 0.6955678
678 38 1.3692018
681 38 1.7060188
683 39 0.0737518
685 39 0.0996608
688 38 0.0737518
690 38 0.0737518
692 38 0.0478428
694 37 0.0737518
697 36 1.0323848
699 35 1.3173838
701 36 0.0737518
705 35 0.0996608
707 35 0.0478428
709 34 0.2032968
711 34 0.1255698
714 33 0.1255698
716 33 0.3846598
718 31 1.7060188
721 31 1.5505648
723 31 0.0478428
725 31 0.0996608
727 31 0.0737518
730 31 0.0219338
732 29 0.0737518
734 29 0.0996608
737 27 1.3173838
739 27 1.3692018
741 26 0.1255698
743 26 0.2551148
747 26 0.4623868
749 25 0.7992038
751 23 0.6955678
754 23 1.4210198
756 24 0.3587508
758 23 1.4210198
761 23 0.2551148
763 24 0.0737518
765 23 0.0737518
767 23 0.0996608
770 23 0.0996608
772 23 0.0737518
774 23 0.0478428
777 21 1.5505648
779 21 1.2914748
781 21 0.0996608
783 21 0.0737518
786 21 0.0478428
789 21 0.0737518
791 20 0.0478428
794 20 0.0996608
796 19 1.2396568
798 18 1.6282918
800 18 0.4364778
803 18 0.1255698
805 18 0.1514788
807 17 0.0478428
810 16 0.0219338
812 16 1.0323848
814 15 0.7214768
817 13 1.6542008
819 13 1.3951108
821 14 0.1255698
823 14 0.0478428
826 13 0.1255698
828 12 0.1255698
830 12 0.4364778
834 12 0.6178408
836 11 1.2396568
838 10 1.4728378
840 11 1.1101118
843 11 0.3328418
845 10 0.3069328
847 10 0.0996608
850 9 0.0737518
852 9 0.3069328
854 8 0.4364778
856 6 1.8096548
859 6 1.7060188
861 8 0.1255698
863 7 0.0478428
866 7 0.0737518
868 7 0.0996608
870 6 0.1514788
872 6 0.0478428
876 5 0.9805668
878 4 1.1878388
880 5 0.5401138
883 5 0.0996608
885 4 0.0996608
887 4 0.1773878
890 3 0.1773878
892 2 0.0996608
894 2 0.0478428
896 1 0.8769308
899 0 0.2551148
