0 152 0.2032968
2 152 0.5919318
4 152 0.1773878
7 152 0.2810238
9 152 0.5919318
11 152 0.2810238
14 153 0.2551148
16 152 0.3587508
18 153 0.2032968
20 152 0.3328418
23 152 0.0996608
25 152 0.1773878
27 152 0.3069328
30 152 0.1514788
32 152 0.0219338
34 152 0.1255698
36 152 0.2032968
40 151 1.0323848
42 151 0.7473858
44 151 0.4105688
47 151 0.6178408
49 151 0.4882958
51 150 0.4105688
53 151 0.0737518
56 150 0.0737518
58 149 1.0842028
60 149 1.6801098
63 149 0.6178408
65 149 0.2292058
67 149 0.3587508
70 149 0.3328418
72 149 0.1773878
74 148 0.0737518
76 148 0.0996608
79 146 1.4987468
82 146 1.4469288
84 147 0.1255698
87 146 0.0996608
89 145 0.0737518
91 145 0.0737518
93 145 0.0737518
96 145 0.2032968
98 144 0.7732948
100 142 1.0064758
103 142 0.3328418
105 142 0.1255698
107 142 0.0219338
110 142 0.0478428
112 141 0.0737518
114 141 0.1514788
116 140 0.2032968
119 138 1.3173838
121 139 0.9805668
124 139 0.0219338
127 138 0.0737518
129 137 0.3587508
131 137 0.6437498
133 135 0.2551148
136 135 0.8769308
138 134 0.9805668
140 134 0.9028398
143 134 0.0478428
145 134 0.0219338
147 133 0.2810238
149 132 0.1773878
152 131 0.1773878
154 130 1.4210198
156 128 0.8769308
159 129 0.3587508
161 129 0.5142048
163 129 0.6437498
165 127 0.2551148
169 128 0.6178408
171 127 0.8769308
173 125 0.2292058
176 127 0.4623868
178 126 0.5142048
180 125 0.5660228
183 125 0.0737518
185 125 0.1773878
187 125 0.6955678
189 122 0.2032968
192 123 0.5919318
194 121 1.6023828
196 120 0.6437498
199 121 0.2292058
201 121 0.2292058
203 121 1.4210198
205 119 0.5142048
209 120 0.7473858
211 120 1.0064758
213 119 0.1514788
216 119 0.2810238
218 119 0.6955678
220 118 0.9028398
222 118 0.4105688
225 118 0.3846598
227 118 0.0478428
229 118 0.1773878
232 117 -0.2889742
234 117 0.0737518
236 116 0.0478428
239 115 1.3692018
241 115 0.9546578
243 115 0.4364778
245 115 0.1773878
248 114 0.1773878
250 114 0.0737518
253 113 0.2032968
256 113 0.4623868
258 113 0.7992038
260 112 0.1773878
262 111 0.6437498
265 111 0.7992038
267 111 0.0737518
269 111 0.0478428
272 110 0.1773878
274 110 0.4882958
276 110 0.5401138
278 108 0.0737518
281 109 0.3328418
283 109 0.6437498
285 108 0.6696588
288 108 0.0996608
290 107 0.0996608
292 106 0.2032968
295 106 0.1773878
298 106 1.7578368
300 105 1.0064758
302 104 0.9546578
305 104 1.0582938
307 105 0.1255698
309 104 0.1255698
312 104 0.1255698
314 104 0.2292058
316 104 0.3587508
318 104 0.0478428
321 103 0.0478428
323 101 1.3432928
325 100 1.3692018
328 101 0.1255698
330 101 0.0996608
332 100 0.9287488
334 100 0.3846598
338 100 0.0996608
340 100 0.0996608
342 98 1.0582938
345 98 1.0582938
347 98 0.0996608
349 98 0.0996608
351 98 0.2292058
354 97 0.0478428
356 96 0.1255698
358 95 0.3328418
361 95 -0.7035182
363 94 0.7473858
365 94 1.0323848
367 94 0.0737518
370 93 0.0478428
372 92 0.1514788
374 93 0.2032968
377 92 1.0582938
380 90 0.2810238
382 90 0.5919318
385 89 0.7732948
387 90 0.7473858
389 88 0.3069328
391 89 0.5401138
394 89 1.1619298
396 88 0.2032968
398 88 0.2292058
401 89 -0.3407922
403 87 1.3951108
405 86 1.0582938
407 87 0.0737518
410 86 0.0478428
412 85 0.1773878
414 83 0.2032968
417 84 1.2655658
419 83 1.4469288
421 83 0.6696588
424 83 0.6178408
427 83 0.0219338
429 83 0.0219338
431 81 0.0996608
434 82 0.2810238
436 82 0.3328418
438 81 0.0996608
441 81 -0.2889742
443 79 0.9028398
445 79 0.7214768
447 79 0.0996608
450 79 0.1514788
452 78 0.7214768
454 77 0.1514788
457 77 0.2292058
459 76 0.3069328
461 75 0.8251128
463 74 0.6437498
467 75 1.4210198
469 73 0.9805668
471 74 0.3846598
474 74 0.9028398
476 74 0.1514788
478 73 0.0996608
480 74 0.1514788
483 73 0.6696588
485 72 0.8510218
487 72 0.0737518
490 72 0.0478428
492 71 1.0842028
494 71 0.8769308
496 70 0.1255698
499 71 0.4364778
501 70 0.7732948
503 69 0.9287488
506 69 0.0478428
509 69 0.0478428
511 69 0.0996608
514 68 0.0478428
516 67 0.3069328
518 67 1.0064758
520 67 0.0996608
523 65 1.1878388
525 64 1.0323848
527 65 0.3069328
530 65 0.4364778
532 63 0.1773878
534 64 0.4623868
536 64 0.0219338
539 63 0.0219338
541 63 0.7992038
543 63 0.7214768
546 62 0.0478428
548 62 0.0737518
551 61 0.3069328
553 60 0.5919318
556 59 0.7732948
558 59 0.7214768
560 59 0.3069328
563 59 1.2914748
565 58 1.1101118
567 59 0.0219338
569 59 0.0737518
572 58 0.0478428
574 57 0.0737518
576 56 0.0737518
579 56 0.0737518
581 55 0.9287488
583 54 0.9028398
586 54 0.7992038
588 53 0.9546578
590 51 0.8769308
593 51 1.3692018
596 51 2.1723808
598 49 1.8096548
600 51 0.3069328
603 50 0.5401138
605 50 0.2551148
607 50 0.3846598
609 50 0.1255698
612 49 0.2032968
614 49 0.2551148
616 48 0.5401138
619 47 0.2551148
621 46 0.3587508
623 46 0.4623868
626 46 0.5142048
628 45 0.2292058
630 45 0.2292058
632 45 0.6178408
636 43 0.3587508
638 44 0.6178408
640 44 0.2551148
643 43 0.5660228
645 42 -0.0557932
647 42 0.1514788
649 42 0.3846598
652 42 0.7473858
654 41 0.2292058
656 42 0.0996608
659 42 0.2810238
661 41 0.8251128
663 40 0.5401138
665 41 0.0219338
668 41 0.0737518
670 40 0.0219338
672 40 0.0737518
675 40 0.0478428
677 40 0.0478428
680 38 0.9805668
682 38 1.2914748
685 38 0.2292058
687 38 0.0737518
689 37 0.0478428
692 36 0.0478428
694 36 0.0737518
696 34 0.5401138
699 34 1.3432928
701 33 1.0064758
703 33 1.0323848
705 34 0.0737518
708 33 0.2292058
710 33 0.0737518
712 32 0.0737518
715 32 0.2551148
717 31 0.5660228
719 30 0.8251128
722 30 0.9028398
725 29 0.1514788
727 29 0.0219338
729 28 0.0219338
732 28 2.1723808
734 27 1.8873818
736 25 0.4105688
738 26 1.1878388
741 25 0.4364778
743 25 0.6955678
745 24 0.3069328
748 25 0.8251128
750 24 0.9028398
752 23 0.2810238
754 23 0.3328418
757 23 0.5660228
759 23 0.6178408
761 23 0.5660228
765 23 0.0737518
767 22 0.0478428
769 21 0.0478428
772 21 0.2292058
774 20 0.2032968
776 20 1.2396568
778 19 0.4364778
781 19 0.6437498
783 19 0.8251128
785 19 0.0478428
788 18 0.0478428
790 17 0.2292058
792 17 0.6437498
794 14 0.5142048
797 16 1.2914748
799 16 0.3587508
801 15 0.5401138
804 15 0.0478428
807 15 0.0478428
809 14 0.0737518
811 14 0.3846598
814 12 0.0996608
816 13 0.7214768
818 13 0.6955678
821 12 0.9028398
823 11 0.9287488
825 12 0.0219338
828 12 0.0478428
830 11 0.0737518
832 10 0.0737518
834 10 0.1773878
837 9 0.3069328
839 8 0.7732948
841 8 0.8251128
844 8 0.1773878
846 8 0.2032968
849 7 0.0737518
851 7 0.1255698
854 7 0.2032968
856 5 0.1514788
858 6 0.3587508
861 5 1.0582938
863 5 0.8510218
865 5 0.0478428
867 4 0.0737518
870 4 0.0737518
872 4 0.0219338
874 2 0.1514788
877 2 0.4105688
879 2 0.3069328
881 1 0.3846598
883 1 0.7214768
886 0 1.7060188
888 0 0.2810238
890 0 0.3069328
