0 153 0.2810238
8 152 0.2292058
17 152 0.1773878
25 152 0.2551148
34 153 0.0737518
42 152 0.0219338
50 153 0.0996608
58 152 0.0737518
67 151 0.0737518
76 151 0.0737518
84 151 0.2032968
92 150 0.1773878
100 150 0.0219338
108 150 0.0737518
117 149 0.0737518
126 149 0.0996608
134 148 0.0737518
142 147 0.0996608
150 147 0.0737518
159 146 0.2810238
167 145 0.0478428
175 145 0.2032968
184 144 0.0737518
192 145 0.0737518
201 145 0.0478428
209 145 0.0737518
217 144 0.0478428
225 144 0.0996608
234 143 0.0219338
243 142 0.0737518
251 142 0.1255698
259 141 0.3328418
267 141 0.0478428
275 140 0.0996608
283 140 0.4105688
293 139 0.3328418
301 139 0.0737518
309 139 0.0737518
317 138 0.2292058
325 138 0.0478428
334 137 0.1514788
342 137 0.1255698
351 137 0.0996608
359 137 0.0478428
367 136 0.0996608
376 136 0.0737518
384 135 0.0737518
392 135 0.2032968
401 134 0.0996608
409 134 0.0478428
418 134 0.0478428
426 133 0.0737518
434 132 0.2292058
442 131 0.1773878
450 131 0.2551148
460 131 0.7214768
468 131 0.0996608
476 131 0.0478428
484 130 0.0996608
492 130 0.0737518
501 130 0.0478428
509 130 0.0478428
518 129 0.0996608
526 128 0.0478428
534 128 0.1255698
543 127 -0.4185192
551 127 0.0737518
559 126 0.1773878
568 125 0.0478428
576 125 0.1514788
585 125 0.0478428
593 124 0.1255698
601 123 0.4623868
609 122 0.3846598
617 121 0.1773878
627 122 0.0737518
635 122 0.0737518
643 122 0.0737518
651 122 0.0737518
659 122 0.0478428
667 121 0.0996608
676 121 0.0996608
685 121 0.0737518
693 121 0.0737518
701 120 0.0478428
709 120 0.0737518
718 119 0.1255698
726 119 0.0478428
735 118 0.2292058
743 118 0.0996608
751 117 0.0996608
760 116 0.0737518
768 116 0.0737518
776 116 0.1773878
784 115 0.0478428
793 115 0.0737518
802 114 0.1255698
810 114 0.0737518
818 114 0.0219338
826 113 0.1255698
834 113 0.0737518
843 112 0.1514788
852 111 0.0996608
860 111 0.1514788
868 110 0.0478428
876 110 0.2292058
885 109 0.0996608
893 110 0.0219338
902 110 0.0737518
910 109 0.0996608
918 109 0.0737518
927 108 0.2810238
935 108 0.1255698
943 107 0.1514788
951 107 0.1773878
960 106 0.0737518
969 106 0.0996608
977 106 0.1514788
985 105 0.1514788
993 104 0.2292058
1001 104 0.0737518
1010 104 0.0737518
1019 104 0.0219338
1027 104 0.1514788
1035 104 0.1773878
1043 103 0.1514788
1051 102 0.4105688
1060 101 0.7732948
1069 101 0.0478428
1077 100 0.2292058
1085 100 0.0478428
1093 100 0.0737518
1102 100 0.0478428
1110 99 0.0737518
1118 98 0.0478428
1127 98 0.0737518
1135 98 0.0737518
1144 96 0.2810238
1152 95 0.9287488
1160 95 0.6955678
1168 95 0.0996608
1176 95 0.0219338
1186 95 0.0737518
1194 94 0.0478428
1202 94 0.0737518
1210 94 0.0478428
1218 94 0.0478428
1227 93 0.1255698
1236 93 0.0219338
1244 92 -0.0039752
1252 91 0.2032968
1260 90 1.0064758
1269 90 0.0737518
1277 90 0.1255698
1285 90 0.0478428
1294 90 0.0219338
1302 89 0.0478428
1311 89 0.0737518
1319 89 0.0996608
1327 89 0.1514788
1335 89 0.0996608
1343 88 0.1255698
1353 87 0.0996608
1361 86 0.3587508
1369 85 0.5142048
1377 84 1.7837458
1385 84 0.0219338
1394 84 0.0737518
1402 84 0.1514788
1411 84 0.0478428
1419 84 0.0219338
1427 83 0.2551148
1435 83 0.0737518
1444 83 0.1255698
1452 82 0.0478428
1461 82 0.0737518
1469 80 0.0996608
1477 80 1.1101118
1486 79 0.8769308
1494 78 0.2032968
1502 78 0.0737518
1510 79 0.0996608
1519 78 0.0219338
1528 78 0.0737518
1536 78 0.0219338
1544 76 0.4882958
1552 76 0.0478428
1560 75 0.2551148
1569 75 0.0996608
1578 75 0.2551148
1586 75 0.2551148
1594 75 0.0996608
1602 75 0.0737518
1611 74 0.2032968
1619 74 0.0737518
1628 74 0.0996608
1636 74 0.0996608
1644 73 0.0478428
1653 71 0.4882958
1661 71 1.1878388
1669 71 0.0478428
1677 71 0.0737518
1686 70 0.0478428
1695 70 0.0478428
1703 70 0.0478428
1711 69 0.0996608
1719 68 0.0996608
1727 67 0.0478428
1736 66 0.5401138
1745 66 0.7214768
1753 66 0.3069328
1761 65 0.1255698
1769 66 0.0737518
1778 66 0.0478428
1786 66 0.0996608
1795 66 0.4364778
1803 65 0.0219338
1811 64 0.1514788
1819 64 0.0737518
1828 64 0.3069328
1836 63 0.2551148
1844 62 0.3846598
1853 61 0.7473858
1861 59 0.3328418
1870 60 0.0478428
1878 60 0.1255698
1886 60 0.0737518
1894 59 0.0478428
1902 59 0.1773878
1912 59 0.0737518
1920 59 0.0996608
1928 58 0.0737518
1936 59 0.0478428
1944 57 0.0996608
1953 56 0.3328418
1962 56 0.6437498
1970 55 0.1255698
1978 55 0.0478428
1986 55 0.0478428
1995 54 0.0737518
2003 53 0.1773878
2011 53 0.2032968
2020 53 0.0996608
2028 53 0.0996608
2037 52 0.0996608
2045 52 0.0737518
2053 52 0.0737518
2061 52 0.0478428
2069 51 0.1255698
2079 51 0.0478428
2087 50 0.1255698
2095 50 0.0737518
2103 49 0.0996608
2111 47 0.1255698
2120 46 0.5401138
2129 47 0.0478428
2137 47 0.1514788
2145 46 0.1514788
2153 46 0.0219338
2162 46 0.0478428
2170 46 0.0478428
2178 45 0.0737518
2187 45 0.2032968
2195 44 0.0996608
2203 44 0.2292058
2212 42 0.3587508
2220 42 0.0737518
2228 42 0.0219338
2236 42 0.0478428
2245 42 0.0478428
2254 42 0.0219338
2262 41 0.0478428
2270 41 0.2032968
2278 41 0.1773878
2286 40 0.2032968
2295 40 0.0478428
2304 39 0.0737518
2312 38 0.4105688
2320 37 0.8510218
2328 37 0.0219338
2337 36 0.2032968
2345 36 0.4623868
2354 36 0.0478428
2362 36 0.0996608
2370 36 0.0996608
2379 36 0.0478428
2387 35 0.1255698
2395 34 0.0737518
2403 34 0.0478428
2412 34 0.1773878
2421 34 0.0478428
2429 33 0.0737518
2437 31 0.0737518
2445 32 0.2810238
2453 31 0.1773878
2462 31 0.0737518
2471 31 0.0996608
2479 30 0.2292058
2487 29 0.8769308
2495 29 0.4623868
2504 28 0.1773878
2512 28 0.0996608
2521 28 0.1773878
2529 28 0.0478428
2537 28 0.0219338
2546 27 0.0996608
2554 27 0.1255698
2562 27 0.0478428
2570 26 0.0737518
2579 25 0.1514788
2587 25 0.0737518
2596 25 0.0737518
2604 24 0.0737518
2612 24 0.0478428
2620 23 0.1255698
2628 23 0.0219338
2638 23 0.0737518
2646 23 0.0219338
2654 22 0.0737518
2662 20 0.4882958
2670 20 0.0737518
2679 20 0.0737518
2688 20 0.0996608
2696 19 0.1255698
2704 18 0.2292058
2712 18 0.2292058
2721 17 0.1255698
2729 17 0.0737518
2737 17 0.2292058
2746 17 0.0737518
2754 17 0.0737518
2763 16 0.0478428
2771 16 0.0737518
2779 15 0.0478428
2787 15 0.0996608
2795 15 0.0737518
2805 14 0.2292058
2813 13 0.5401138
2821 13 0.3328418
2829 12 0.0737518
2837 12 0.0478428
2846 12 0.0737518
2855 12 0.0737518
2863 11 -0.0039752
2871 10 0.0737518
2879 10 0.4364778
2888 9 0.0996608
2896 9 0.0737518
2904 9 0.0737518
2913 6 2.7682878
2921 8 0.0996608
2930 8 0.1255698
2938 8 0.0478428
2946 7 0.0737518
2954 7 0.2551148
2962 6 0.1773878
2971 5 0.0996608
2980 5 0.0996608
2988 5 0.0737518
2996 4 0.0478428
3004 4 0.2810238
3012 3 0.0737518
3022 3 0.0737518
3030 2 0.0478428
3038 2 0.2292058
3046 2 0.1255698
3054 1 0.0737518
3063 1 0.2551148
3071 0 0.0996608
3080 0 0.0737518
3088 0 0.0478428
3096 0 0.3069328
