0 -1 0.0478428
3 -1 0.0219338
5 -1 0.0219338
7 -1 0.0219338
10 -1 0.0219338
12 -1 0.0219338
14 -1 0.0219338
17 -1 0.0219338
19 -1 0.0737518
21 -1 0.0737518
24 -2 0.8510218
26 -4 3.0273778
29 -4 2.9496508
31 -4 2.7164698
34 -3 1.8614728
37 -4 1.8096548
39 -3 1.6282918
41 -3 1.9132908
44 -3 2.1982898
46 -2 1.4728378
48 -3 2.0169268
51 -2 1.6542008
53 -2 1.3692018
55 -2 1.1101118
58 -2 1.1878388
60 -1 1.1360208
62 0 1.1619298
65 0 1.3173838
67 0 1.4210198
69 0 1.5505648
72 1 1.1101118
74 2 1.3692018
77 3 1.0323848
80 3 1.2914748
82 4 1.1101118
84 4 0.9287488
87 5 0.8251128
89 6 0.7214768
91 6 0.6696588
94 7 0.6696588
96 8 0.7732948
98 8 0.7473858
101 9 0.7992038
103 9 0.7732948
105 10 0.5919318
108 12 0.6696588
110 12 0.7992038
112 12 0.5919318
115 13 0.6178408
117 14 0.4882958
120 15 0.5919318
123 15 0.7473858
125 16 0.5401138
127 16 0.6696588
130 18 0.5142048
132 19 0.5660228
134 20 0.5142048
137 20 0.5919318
139 21 0.4623868
141 22 0.5919318
144 23 0.2032968
146 23 0.5919318
148 24 0.4623868
151 24 0.5919318
153 25 0.3846598
155 26 0.1514788
158 27 0.5142048
160 28 0.4364778
163 29 0.3328418
166 30 0.4623868
168 31 0.2810238
171 31 0.2810238
173 32 0.4623868
175 33 0.5142048
178 34 0.4105688
180 35 0.2810238
182 36 0.4623868
185 37 0.4105688
187 38 0.2810238
189 39 0.2810238
192 40 0.4882958
194 41 0.4364778
196 41 0.4105688
199 42 0.3069328
201 42 0.4364778
203 42 0.3587508
207 43 0.1514788
209 44 0.5142048
211 46 0.4623868
214 47 0.3069328
216 47 0.3587508
218 49 0.4105688
221 50 0.3328418
223 51 0.2551148
225 51 0.4882958
228 51 0.5142048
230 53 0.3587508
232 53 0.3069328
235 55 0.3846598
237 56 0.3587508
239 56 0.4105688
242 58 0.2810238
244 59 0.4364778
247 59 0.5142048
250 59 0.3587508
252 60 0.2810238
254 61 0.4364778
257 62 0.3587508
259 63 0.3587508
261 64 0.2551148
264 64 0.4882958
266 65 0.4882958
268 66 0.4105688
271 68 0.2032968
273 68 0.4623868
275 70 0.3587508
278 71 0.3069328
280 71 0.1514788
282 72 0.4623868
285 72 0.4364778
287 74 0.3328418
290 74 0.2032968
293 75 0.3846598
295 75 0.3328418
297 77 0.3587508
300 78 0.1773878
302 78 0.4882958
304 80 0.4882958
307 80 0.4105688
309 82 0.2551148
312 82 0.4882958
314 83 0.3846598
316 84 0.3846598
319 84 0.2032968
321 86 0.4623868
323 87 0.4623868
326 88 0.3328418
328 88 0.2551148
330 89 0.4623868
334 90 0.3328418
336 91 0.2810238
338 92 0.4105688
341 93 0.4105688
343 94 0.4364778
345 95 0.3328418
348 95 0.4623868
350 96 0.4105688
352 98 0.2810238
355 98 0.2032968
357 100 0.4882958
359 100 0.3846598
362 100 0.4105688
364 101 0.2292058
366 103 0.4882958
369 104 0.3587508
371 104 0.2292058
373 104 0.4623868
377 106 0.4623868
379 106 0.3587508
381 108 0.3328418
384 109 0.3846598
386 109 0.3846598
388 110 0.2551148
391 111 0.1514788
393 112 0.4882958
395 113 0.3846598
398 114 0.2810238
400 115 0.3069328
402 116 0.4364778
405 117 0.3846598
407 117 0.2551148
409 118 0.1773878
412 119 0.4623868
414 119 0.4105688
416 120 0.3328418
420 121 0.3587508
422 121 0.4364778
424 122 0.3846598
427 123 0.3069328
429 124 0.1773878
431 125 0.5142048
434 126 0.4364778
436 127 0.3069328
438 127 0.3846598
441 127 0.4105688
443 128 0.3846598
445 129 0.2292058
448 130 0.4623868
450 130 0.5142048
453 132 0.3328418
455 132 0.2551148
457 133 0.4364778
461 134 0.3587508
463 135 0.3328418
465 135 0.1514788
468 136 0.4364778
470 137 0.4882958
472 138 0.2551148
475 139 0.2551148
477 140 0.0996608
479 140 0.1255698
482 141 0.0737518
484 142 0.0219338
486 142 0.0996608
489 143 0.0996608
491 144 0.0737518
493 145 0.0996608
496 145 0.0219338
498 146 0.1514788
500 147 0.1255698
504 147 0.0737518
506 148 0.0737518
508 148 0.7732948
511 148 0.4105688
513 150 1.2396568
515 149 0.4364778
518 149 2.1205628
520 149 1.0842028
522 151 1.2655658
525 151 0.6696588
527 152 2.5610158
529 150 2.2760168
532 152 0.8251128
534 153 1.8873818
536 152 0.5919318
539 153 1.5505648
541 152 0.2551148
543 153 0.7473858
547 153 0.1255698
549 153 0.1773878
551 153 0.1255698
554 153 0.0996608
556 153 0.0478428
558 153 0.0478428
561 153 0.0219338
563 152 0.0478428
565 152 0.0996608
568 151 0.4105688
570 152 0.9287488
572 152 0.3846598
575 152 0.2292058
577 152 0.2032968
579 152 0.0737518
582 152 0.0478428
584 152 0.0737518
