0 -2 0.7992038
3 -2 0.6955678
5 -2 0.5660228
7 -2 0.6437498
10 -3 0.3846598
12 -3 0.3846598
14 -2 0.6696588
17 -4 2.1723808
19 -4 2.5869248
21 -4 2.6128338
24 -4 2.3278348
26 -4 2.5610158
28 -4 2.5869248
31 -4 2.3796528
33 -4 2.4832888
36 -4 2.3537438
39 -4 1.8614728
41 -4 2.5351068
43 -4 2.3796528
46 -4 2.1205628
48 -3 1.8614728
50 -3 1.3432928
53 -4 2.4314708
55 -3 2.3537438
57 -3 2.3796528
60 -2 2.2760168
62 -2 2.1464718
64 -2 2.0946538
67 -2 2.0169268
69 -2 1.9651088
71 -2 1.9132908
74 -1 1.8614728
77 -1 1.8873818
79 -1 1.9651088
82 -1 1.9651088
84 -1 1.9910178
86 -1 2.1723808
89 -1 2.2501078
91 0 1.4469288
93 0 1.7578368
96 0 1.9391998
98 0 2.1982898
100 1 1.6542008
103 1 2.0946538
105 2 1.5246558
107 2 1.9651088
110 3 1.5246558
112 3 2.0428358
114 3 1.6023828
117 4 1.3432928
120 4 1.4728378
122 4 1.6801098
125 4 1.6023828
127 5 1.4210198
129 6 1.3432928
132 6 1.2914748
134 6 1.2137478
136 7 1.1360208
139 7 1.1619298
141 8 1.1360208
143 8 1.1101118
146 8 1.0842028
148 8 1.0582938
151 8 1.8096548
153 9 1.6282918
155 10 1.5764738
158 10 1.4987468
160 11 1.3432928
163 11 1.0582938
166 11 1.7578368
168 12 1.6282918
170 12 1.5505648
173 12 1.3951108
175 13 1.2914748
177 14 1.2396568
180 14 1.2137478
182 14 1.1619298
184 15 1.1878388
187 15 1.2396568
189 15 1.2914748
191 16 1.3692018
194 17 1.3951108
196 17 1.3432928
198 18 1.0064758
201 19 1.2137478
203 19 1.3173838
206 19 1.3692018
209 20 1.5764738
211 20 1.0064758
213 21 1.1619298
216 21 1.2396568
218 22 1.3951108
220 22 1.4987468
223 23 1.0323848
225 23 1.1619298
227 23 1.3173838
230 23 1.3951108
232 24 0.9805668
234 24 1.1360208
237 24 1.2655658
239 25 1.3432928
241 26 1.4728378
244 27 0.9028398
246 27 1.1619298
249 28 1.2396568
252 28 1.2914748
254 29 1.4210198
256 30 1.5246558
259 30 1.0323848
261 31 1.1360208
263 31 1.3173838
266 31 1.3951108
268 32 1.0064758
270 33 1.1619298
273 33 1.3432928
275 34 1.0064758
277 34 1.1878388
280 34 1.2137478
282 35 1.0842028
285 36 1.2137478
287 37 0.9028398
289 38 1.1360208
293 38 1.3173838
295 39 0.9546578
297 39 1.1878388
300 39 1.3432928
302 40 1.0842028
304 40 1.2914748
307 40 1.0064758
309 41 1.1101118
311 41 1.2396568
314 42 0.9805668
316 42 1.2137478
318 42 1.4728378
321 43 1.0842028
323 43 1.2396568
325 44 0.8769308
328 45 1.1101118
330 46 1.3173838
333 46 1.4469288
336 47 1.0582938
338 47 1.2137478
340 48 1.3432928
343 49 0.9546578
345 49 1.1619298
347 50 1.3173838
350 50 0.9546578
352 50 1.1619298
354 51 1.3173838
357 51 1.0582938
359 52 1.2396568
361 52 0.8510218
364 53 1.1619298
366 54 1.2914748
368 55 0.9805668
371 55 1.2137478
373 55 1.3951108
376 57 0.9805668
379 57 1.1878388
381 58 1.3692018
383 59 0.9546578
386 58 1.1619298
388 59 1.2914748
390 59 0.9805668
393 59 1.2396568
395 60 1.4469288
397 61 1.0582938
400 61 1.2137478
402 62 0.9805668
404 63 1.0842028
407 63 1.2914748
409 63 0.9805668
411 64 1.1101118
414 64 1.2137478
416 64 1.4987468
419 66 1.0064758
422 66 1.2655658
424 67 0.9805668
426 67 1.1101118
429 68 1.2137478
431 69 0.9805668
433 69 1.1619298
436 70 0.8510218
438 70 1.1360208
440 70 1.3432928
443 71 1.1360208
445 72 1.2655658
447 73 0.9546578
450 73 1.2137478
452 73 1.2914748
455 74 1.1360208
457 74 1.2396568
459 74 0.9028398
463 74 1.1878388
465 75 1.3951108
467 77 1.0323848
470 78 1.2137478
472 78 0.9546578
474 78 1.0842028
477 79 1.2655658
479 80 0.9028398
481 80 1.1878388
484 81 1.2914748
486 82 0.9287488
488 82 1.1360208
491 83 1.3173838
493 83 0.9287488
495 83 1.1101118
498 83 1.2914748
500 84 0.8251128
502 85 1.1360208
506 86 1.2655658
508 87 0.9546578
510 87 1.2137478
513 87 1.1878388
515 88 1.0842028
517 88 1.2396568
520 89 0.9546578
522 89 1.2137478
524 89 0.9546578
527 91 1.1101118
529 91 1.2655658
531 92 0.9028398
534 93 1.1101118
536 93 1.2655658
538 93 0.9028398
541 94 1.1619298
543 95 1.2914748
545 95 0.9546578
549 95 1.2137478
551 96 1.3173838
553 98 0.9287488
556 98 1.1360208
558 98 1.3432928
560 99 0.9287488
563 100 1.1360208
565 100 1.3173838
567 100 1.3692018
570 100 1.0064758
572 101 1.1878388
574 102 1.3432928
577 102 1.2137478
579 103 1.0842028
581 103 1.2655658
584 103 1.4469288
586 104 1.0323848
589 105 1.2655658
592 106 0.8769308
594 106 1.1101118
596 106 1.2655658
599 107 0.9028398
601 108 1.2396568
603 108 0.9028398
606 109 1.1619298
608 109 1.2914748
610 110 0.8251128
613 110 1.1619298
615 111 1.2914748
617 112 0.9546578
620 112 1.1878388
622 113 1.2655658
625 113 1.0064758
627 114 1.1878388
629 114 1.4210198
633 115 1.0842028
635 115 1.2655658
637 116 0.9028398
640 117 1.1360208
642 117 1.2914748
644 117 0.9546578
647 118 1.1619298
649 118 1.3692018
651 119 0.9805668
654 119 1.1619298
656 119 1.3173838
658 120 0.9805668
661 120 1.1360208
663 120 1.2655658
665 121 0.8769308
668 121 1.1878388
670 122 1.2914748
672 123 0.8510218
676 123 1.1619298
678 124 1.3173838
680 124 0.9805668
683 125 1.0582938
685 126 1.1619298
687 126 1.3432928
690 126 1.4210198
692 126 1.5505648
694 127 0.9805668
697 127 1.0842028
699 128 1.2137478
701 128 1.3432928
704 128 1.3692018
706 129 0.9805668
708 130 1.1360208
711 130 1.2914748
713 130 0.9028398
715 131 1.1101118
719 131 1.2914748
721 132 1.4469288
723 133 0.9287488
726 133 1.1619298
728 133 1.2914748
730 134 1.3951108
733 134 1.4987468
735 134 0.9805668
737 135 1.1101118
740 135 1.2655658
742 136 1.3432928
744 136 1.0064758
747 137 1.0582938
749 138 1.2655658
751 138 1.2914748
754 139 0.9028398
756 139 1.0842028
758 139 0.9028398
762 141 1.0582938
764 141 0.7473858
766 140 0.9805668
769 141 1.2396568
771 141 1.4469288
774 142 0.8769308
776 142 0.7992038
778 143 0.9805668
781 144 0.6437498
783 144 0.8510218
785 145 0.0219338
788 145 0.0996608
790 145 0.1773878
792 146 0.3587508
795 146 0.3328418
797 147 0.5142048
799 147 0.0478428
803 148 0.0996608
805 148 0.0219338
807 148 0.0478428
810 149 0.0219338
812 149 0.0478428
814 149 0.0478428
817 149 0.0478428
819 150 0.0996608
821 150 0.0219338
824 150 0.0478428
826 150 0.1255698
828 150 0.0219338
831 150 0.0737518
