0 152 0.4882958
13 152 0.0996608
27 153 0.2032968
40 154 0.0478428
53 153 0.1514788
67 152 0.1514788
80 152 0.0478428
93 152 0.0478428
106 152 0.0996608
120 151 0.0737518
133 151 0.0478428
146 150 0.0996608
160 150 0.0737518
173 150 0.0478428
186 149 0.1514788
201 149 0.0996608
214 149 0.0737518
227 148 0.2810238
241 147 0.2292058
254 146 0.1514788
267 146 0.1514788
281 147 0.4105688
294 147 0.3069328
307 145 0.1255698
320 145 0.0737518
334 145 0.0478428
347 144 0.1255698
360 143 0.0996608
374 143 0.0737518
387 142 0.2551148
400 141 0.0737518
414 141 0.0737518
427 141 0.0996608
440 141 0.1255698
454 141 0.3069328
467 140 0.0478428
480 139 0.2032968
494 138 0.0478428
507 139 0.1773878
520 139 0.3328418
533 139 0.1255698
547 137 0.1514788
560 137 0.1514788
573 137 0.0478428
587 137 0.2032968
600 137 0.2292058
614 136 0.0478428
628 134 0.0996608
641 134 0.0737518
654 134 0.1255698
668 134 0.3846598
681 134 0.0219338
694 132 0.0996608
708 132 0.0478428
721 132 0.0996608
734 132 0.4364778
747 132 0.1255698
761 130 0.3587508
774 130 0.1514788
787 130 0.1255698
801 130 0.7214768
814 130 0.3846598
827 128 0.2032968
841 128 0.1255698
854 128 0.0996608
867 128 0.2032968
881 128 0.1514788
894 127 0.1514788
907 127 0.4105688
921 126 0.0737518
934 125 0.0737518
947 125 0.2292058
960 125 0.0996608
974 125 0.0737518
987 123 0.2292058
1000 122 0.8510218
1014 122 0.3328418
1028 122 0.0996608
1041 123 0.6178408
1055 122 0.1255698
1068 121 0.1773878
1081 121 0.0996608
1095 121 0.0478428
1108 120 0.3328418
1121 120 0.2032968
1135 119 0.0996608
1148 119 0.0478428
1161 118 0.1255698
1174 118 0.0737518
1188 118 0.1773878
1201 117 0.0737518
1214 117 0.0996608
1228 116 0.0737518
1241 116 0.0996608
1254 115 0.1255698
1268 115 0.2032968
1281 115 0.0737518
1294 114 0.1773878
1308 113 0.0996608
1321 114 0.1514788
1334 113 0.2810238
1348 113 0.3587508
1361 111 0.2292058
1374 110 0.6955678
1387 110 0.0478428
1401 111 0.1514788
1414 111 0.4623868
1427 110 0.0737518
1442 109 0.1255698
1455 108 0.3069328
1468 108 0.1255698
1482 109 0.8510218
1495 108 0.3069328
1508 106 0.3069328
1522 107 0.0737518
1535 106 0.0737518
1548 106 0.1514788
1562 106 0.1255698
1575 105 0.0996608
1588 104 0.0737518
1601 104 0.0737518
1615 104 0.3328418
1628 104 0.2551148
1641 104 0.0737518
1655 103 0.0478428
1668 102 0.1255698
1681 102 0.0478428
1695 102 0.0219338
1708 101 0.2810238
1721 100 0.0478428
1735 100 0.0737518
1748 100 0.1773878
1761 100 0.0996608
1775 99 0.0737518
1788 98 0.2292058
1801 98 0.0737518
1814 98 0.0478428
1828 98 0.1514788
1841 97 0.0478428
1855 96 0.0219338
1869 95 0.0478428
1882 95 0.0737518
1895 95 0.0737518
1909 95 0.1255698
1922 95 0.0996608
1935 94 0.2551148
1949 93 0.0478428
1962 93 0.1514788
1975 93 0.1255698
1989 92 0.2032968
2002 92 0.0996608
2015 89 0.7473858
2028 90 0.0478428
2042 91 0.1255698
2055 91 1.2137478
2068 90 0.4364778
2082 89 0.4623868
2095 89 0.0478428
2108 89 0.2292058
2122 89 0.3587508
2135 88 0.2032968
2148 88 0.0737518
2162 86 0.4105688
2175 86 0.1255698
2188 86 0.1255698
2202 87 0.2810238
2215 86 0.4105688
2228 84 0.3069328
2241 84 0.1773878
2255 84 0.0478428
2269 84 0.0996608
2282 83 0.1773878
2296 83 0.0737518
2309 82 0.2551148
2322 82 0.0478428
2336 81 0.0737518
2349 80 0.1514788
2362 80 0.0996608
2376 80 0.2032968
2389 80 0.4364778
2402 80 0.2810238
2416 79 0.0737518
2429 78 0.0478428
2442 78 0.1514788
2455 77 0.0996608
2469 77 0.1514788
2482 77 0.2032968
2495 75 0.2292058
2509 75 0.0737518
2522 75 0.0219338
2535 75 0.0996608
2549 75 0.2551148
2562 75 0.3069328
2575 74 0.1255698
2589 74 0.0996608
2602 73 0.0219338
2615 72 0.0996608
2629 71 0.0737518
2642 71 0.0996608
2655 72 0.0996608
2668 72 0.3587508
2683 71 0.1773878
2696 71 0.0737518
2709 70 0.2292058
2723 69 0.0478428
2736 69 0.0478428
2749 69 0.2551148
2763 68 0.0478428
2776 67 0.0737518
2789 66 0.1773878
2803 66 0.1255698
2816 66 0.1514788
2829 66 0.1773878
2843 66 0.0737518
2856 64 0.5660228
2869 65 0.1255698
2883 65 0.4105688
2896 65 0.3328418
2909 64 0.2032968
2922 63 0.0996608
2936 62 0.8510218
2949 61 0.0996608
2962 62 0.1255698
2976 62 0.2810238
2989 61 0.0996608
3002 59 0.1773878
3016 60 0.0737518
3029 59 0.1514788
3042 60 0.1255698
3056 59 0.0737518
3069 59 0.1773878
3082 58 0.0737518
3097 58 0.1514788
3110 57 0.2292058
3123 56 0.1514788
3136 56 0.0996608
3150 56 0.0478428
3163 55 0.0478428
3176 55 0.0996608
3190 55 0.0996608
3203 54 0.0478428
3216 53 0.4364778
3230 53 0.0478428
3243 53 0.2292058
3256 53 0.3846598
3270 52 0.1255698
3283 51 0.1255698
3296 51 0.1773878
3310 51 0.0737518
3323 51 0.1255698
3336 51 0.0996608
3349 50 0.0478428
3363 49 -0.0039752
3376 46 0.2551148
3389 48 0.1255698
3403 48 0.2810238
3416 48 0.2292058
3429 47 0.0737518
3443 46 0.0996608
3456 45 0.6178408
3469 45 0.0478428
3483 45 0.2292058
3497 45 0.3069328
3510 45 0.1773878
3524 44 0.3587508
3537 44 0.0478428
3550 43 0.1255698
3563 43 0.0478428
3577 42 0.0478428
3590 42 0.0996608
3603 42 0.2292058
3617 42 0.1514788
3630 41 0.0737518
3643 40 0.0478428
3657 39 0.0478428
3670 39 0.0219338
3683 39 0.0737518
3697 39 0.1773878
3710 38 0.2810238
3723 37 0.0996608
3737 36 0.4364778
3750 36 0.0996608
3763 37 0.1255698
3776 37 0.4364778
3790 36 0.3328418
3803 35 0.0478428
3816 34 0.3069328
3830 34 0.0996608
3843 35 0.3587508
3856 34 0.4364778
3870 34 0.2810238
3883 32 0.0737518
3896 32 0.1255698
3911 31 0.0737518
3924 32 0.0737518
3937 31 0.1514788
3951 31 0.0478428
3964 29 0.0737518
3977 29 0.1773878
3990 29 0.0737518
4004 29 0.2292058
4017 29 0.3069328
4030 29 0.0996608
4044 28 -0.0557932
4057 27 0.0478428
4070 27 0.0478428
4084 26 0.0478428
4097 25 0.3069328
4110 25 0.0219338
4124 25 0.1514788
4137 25 0.0996608
4150 25 0.1255698
4164 25 0.1255698
4177 24 0.0996608
4190 23 0.0737518
4203 23 0.1514788
4217 23 0.3069328
4230 22 0.0737518
4243 20 0.0996608
4257 21 0.0737518
4270 21 0.0996608
4283 21 0.3069328
4297 21 0.1773878
4310 20 0.1255698
4324 19 0.1255698
4338 18 0.1514788
4351 18 0.0737518
4364 18 0.2292058
4378 18 0.2551148
4391 17 0.0737518
4404 16 0.1255698
4417 16 0.0737518
4431 15 0.1514788
4444 16 0.0996608
4457 15 0.1773878
4471 14 0.1773878
4484 13 0.2032968
4497 14 0.1255698
4511 14 0.1773878
4524 13 0.0996608
4537 13 0.0478428
4551 13 0.3069328
4564 12 0.3069328
4577 12 0.0996608
4591 11 0.0737518
4604 9 0.2551148
4617 10 0.0737518
4630 10 0.2551148
4644 10 0.3328418
4657 10 0.1514788
4670 8 0.2292058
4684 8 0.0996608
4697 8 0.0737518
4710 8 0.3069328
4724 7 0.1255698
4738 6 0.0219338
4751 5 0.1255698
4765 5 0.0737518
4778 5 0.1255698
4791 5 0.2810238
4805 4 0.4105688
4818 3 0.1255698
4831 2 0.1255698
4844 2 0.1255698
4858 2 0.2810238
4871 2 0.4105688
4884 2 0.1255698
4898 1 0.0478428
4911 0 0.3069328
4924 0 0.1773878
4938 0 0.1773878
4951 0 0.2032968
4964 0 0.2032968
