0 153 0.0996608
14 153 0.0996608
27 153 0.1773878
40 153 0.0478428
55 152 0.0219338
68 153 0.0996608
81 152 0.0478428
95 152 0.0219338
108 151 0.0478428
121 151 0.0478428
135 150 0.0478428
148 150 0.0219338
161 149 0.0737518
174 149 0.1255698
188 149 0.0478428
201 148 0.0478428
214 147 0.0737518
228 146 0.2292058
241 146 0.0996608
254 146 0.0996608
268 146 0.0737518
281 146 0.2810238
294 145 0.0996608
308 145 0.0737518
321 145 0.0996608
334 144 0.0737518
348 143 0.0737518
361 143 0.1255698
374 142 0.1255698
387 142 0.2551148
401 141 0.0737518
414 142 0.0996608
427 141 0.2032968
441 141 0.0737518
454 140 0.0737518
468 139 0.4105688
482 139 0.0737518
495 138 0.0737518
508 138 0.0478428
522 138 0.0737518
535 138 0.0737518
548 137 0.0737518
562 137 0.0996608
575 135 0.0996608
588 135 0.0996608
601 136 0.0737518
615 135 0.0737518
628 136 0.2032968
641 135 0.4623868
655 134 0.0996608
668 133 0.4105688
681 133 0.0219338
695 132 0.3587508
708 132 0.0478428
721 132 0.2551148
735 132 0.1255698
748 131 0.1773878
761 130 0.0478428
775 129 0.3069328
788 129 0.0737518
801 129 0.1255698
814 129 0.0996608
828 129 0.0478428
841 128 0.1255698
854 127 0.0737518
868 127 0.0737518
882 127 0.0737518
895 126 0.1773878
909 125 0.3328418
922 125 0.0478428
935 124 0.1255698
949 123 0.0478428
962 124 0.0478428
975 123 0.0737518
989 123 0.0478428
1002 122 0.1255698
1015 122 0.0478428
1028 122 0.0478428
1042 122 0.0737518
1055 122 0.0737518
1068 122 0.0996608
1082 121 0.3846598
1095 121 0.0478428
1108 120 0.0996608
1122 119 0.0478428
1135 119 0.2292058
1148 119 0.0478428
1162 118 0.0996608
1175 118 0.0478428
1188 117 0.2032968
1202 116 0.0478428
1215 116 0.1255698
1228 116 0.0996608
1241 116 0.2292058
1255 116 0.0219338
1268 115 0.0737518
1282 114 0.0996608
1296 113 0.1773878
1309 113 0.0737518
1322 113 0.2292058
1336 113 0.1255698
1349 112 0.0996608
1362 111 0.0478428
1376 109 1.0582938
1389 110 0.0996608
1402 110 0.0478428
1416 110 0.0996608
1429 110 0.0478428
1442 110 0.1255698
1455 109 0.0478428
1469 106 0.3328418
1482 106 0.0996608
1495 107 0.0737518
1509 107 0.0737518
1522 107 0.1255698
1535 106 0.1514788
1549 105 0.3587508
1562 104 0.1514788
1575 104 0.1255698
1589 104 0.0737518
1602 104 0.2032968
1615 104 0.0996608
1629 104 0.0219338
1642 104 0.1514788
1655 100 0.2551148
1668 101 0.0737518
1682 101 0.0478428
1696 101 0.0996608
1709 101 0.0737518
1723 101 0.0737518
1736 100 0.0996608
1749 99 0.0737518
1763 98 0.2032968
1776 98 0.0737518
1789 98 0.1255698
1803 98 0.0478428
1816 97 0.0737518
1829 95 0.1514788
1843 95 0.0996608
1856 95 0.0996608
1869 95 0.0737518
1882 95 0.1255698
1896 95 0.0996608
1909 95 0.0737518
1922 93 0.0219338
1936 93 0.2292058
1949 93 0.1773878
1962 93 0.0996608
1976 92 0.0737518
1989 92 0.0737518
2002 91 0.0996608
2016 90 0.2810238
2029 90 0.0737518
2042 90 0.0478428
2056 90 0.0737518
2069 90 0.0478428
2082 89 0.1255698
2095 89 0.0478428
2109 88 0.0478428
2123 88 0.0737518
2136 87 0.0996608
2150 87 0.2551148
2163 86 0.0737518
2176 86 0.0737518
2190 85 0.0737518
2203 85 0.1773878
2216 85 0.0478428
2230 84 0.1773878
2243 84 0.0996608
2256 84 0.0737518
2270 84 0.1514788
2283 83 0.0737518
2296 83 0.1255698
2310 82 0.0737518
2323 81 0.0478428
2336 79 0.5919318
2349 80 0.0996608
2363 80 0.0737518
2376 80 0.1255698
2389 79 0.0478428
2403 78 0.0996608
2416 78 0.0219338
2429 78 0.1255698
2443 77 0.1514788
2456 75 0.0478428
2469 75 0.1773878
2483 76 0.0478428
2496 76 0.0737518
2509 76 0.0996608
2522 76 0.0478428
2537 75 0.1773878
2550 75 0.0737518
2563 74 0.0996608
2577 74 0.0478428
2590 73 0.0478428
2603 72 0.3328418
2617 71 0.1255698
2630 71 0.0737518
2643 71 0.0478428
2657 71 0.0737518
2670 71 0.0478428
2683 71 0.2292058
2697 69 0.1773878
2710 69 0.1773878
2723 68 0.0219338
2737 68 0.0737518
2750 68 0.0219338
2763 68 0.0996608
2776 68 0.0737518
2790 67 0.0478428
2803 66 0.1255698
2816 64 0.2551148
2830 65 0.0478428
2843 65 0.0737518
2856 65 0.0996608
2870 65 0.1514788
2883 65 0.3587508
2896 64 0.1255698
2910 63 0.1514788
2923 62 0.0478428
2936 61 0.4105688
2951 61 0.0478428
2964 61 0.0996608
2977 61 0.0996608
2990 60 0.0478428
3004 60 0.0737518
3017 59 0.1255698
3030 59 0.0478428
3044 59 0.0996608
3057 59 0.1255698
3070 59 0.0737518
3084 58 0.0478428
3097 56 0.9287488
3110 56 0.1514788
3124 56 0.0737518
3137 56 0.0737518
3150 56 0.0996608
3164 56 0.0996608
3177 55 0.0996608
3190 52 0.6178408
3203 53 0.1255698
3217 53 0.0478428
3230 53 0.1255698
3243 53 0.3328418
3257 52 0.0478428
3270 51 0.2551148
3283 51 0.1514788
3297 51 0.0737518
3310 51 0.0478428
3323 51 0.3587508
3337 50 0.0737518
3351 49 0.0478428
3364 48 0.6178408
3378 47 1.0064758
3391 47 0.0737518
3404 47 0.0737518
3417 48 0.0737518
3431 47 0.0737518
3444 46 0.0478428
3457 45 0.5919318
3471 44 0.1773878
3484 44 0.0478428
3497 44 0.0478428
3511 45 0.1255698
3524 44 0.1773878
3537 43 0.1514788
3551 42 0.1514788
3564 42 0.0737518
3577 42 0.0737518
3591 42 0.0737518
3604 42 0.3328418
3617 42 0.1255698
3630 41 0.1773878
3644 40 0.0219338
3657 39 0.2810238
3670 39 0.0478428
3684 38 0.0478428
3697 39 0.0478428
3710 38 0.0737518
3724 36 0.1255698
3737 35 0.1514788
3750 36 0.0737518
3764 36 0.0478428
3778 36 0.0996608
3791 36 0.0737518
3805 34 0.3328418
3818 34 0.3069328
3831 34 0.0737518
3844 34 0.1255698
3858 34 0.0996608
3871 33 0.0478428
3884 32 0.3328418
3898 31 0.1514788
3911 31 0.0478428
3924 31 0.0996608
3938 30 0.0478428
3951 30 0.0737518
3964 29 0.0996608
3978 28 0.2032968
3991 28 0.1255698
4004 28 0.0478428
4018 28 0.0478428
4031 28 0.1773878
4044 28 0.0996608
4057 27 0.0737518
4071 25 1.0842028
4084 25 0.0478428
4097 25 0.0996608
4111 25 0.0737518
4124 25 0.1255698
4137 25 0.0478428
4151 25 0.0737518
4164 24 0.0996608
4178 23 0.0996608
4192 23 0.0478428
4205 23 0.0737518
4218 22 0.0737518
4232 21 0.4882958
4245 20 0.0996608
4258 20 0.0996608
4271 20 0.0996608
4285 20 0.0737518
4298 20 0.0737518
4311 19 0.0478428
4325 18 0.0996608
4338 16 0.2551148
4351 17 0.0737518
4365 17 0.0478428
4378 17 0.1255698
4391 17 0.0996608
4405 16 0.2292058
4418 16 0.0737518
4431 15 0.0737518
4445 14 0.1514788
4458 14 0.0996608
4471 14 0.0478428
4484 14 0.0996608
4498 13 0.0737518
4511 13 0.0996608
4524 13 0.0996608
4538 12 0.1255698
4551 12 0.0996608
4564 12 0.0737518
4578 11 0.0478428
4591 8 0.2810238
4605 9 0.0478428
4619 9 0.0996608
4632 9 0.2032968
4645 9 0.1773878
4659 9 0.0737518
4672 8 0.0996608
4685 7 0.2551148
4698 7 0.0478428
4712 6 0.0737518
4725 6 0.0478428
4738 6 0.0737518
4752 5 0.0996608
4765 5 0.0478428
4778 4 0.1514788
4792 3 0.1773878
4805 3 0.0737518
4818 2 0.0737518
4832 2 0.1514788
4845 2 0.0737518
4858 2 0.1773878
4872 1 0.0737518
4885 1 0.0478428
4898 0 0.0996608
4911 0 0.0219338
4925 0 0.1255698
