0 -2 0.1255698
3 -2 0.1255698
5 -2 0.0996608
7 -2 0.1773878
10 -2 0.0996608
12 -2 0.1514788
14 -2 0.0996608
17 -2 0.1255698
19 -2 0.1773878
21 -2 0.0737518
24 -2 0.2032968
26 -5 2.9755598
29 -5 2.9755598
31 -4 2.3019258
34 -5 2.8460148
37 -4 2.6128338
39 -4 2.3019258
41 -4 2.1982898
44 -4 2.2760168
46 -4 2.5351068
48 -2 1.5764738
51 -2 2.0169268
53 -1 1.4210198
55 -2 2.0428358
58 -1 1.6801098
60 -1 1.2137478
62 -1 1.9651088
65 -1 1.7319278
67 0 1.6023828
69 0 1.6023828
72 0 1.4987468
74 0 1.5246558
77 1 1.5505648
80 2 1.0323848
82 3 1.1619298
84 3 1.3432928
87 4 0.9028398
89 4 1.2396568
91 5 0.9287488
94 5 1.2137478
96 6 1.0582938
98 7 0.9287488
101 8 0.8251128
103 8 0.7214768
105 8 0.7214768
108 9 0.7214768
110 10 0.7732948
112 11 0.7214768
115 11 0.8251128
117 12 0.7992038
120 12 0.9028398
123 13 0.5660228
125 14 0.6955678
127 15 0.6955678
130 15 0.7992038
132 15 0.8251128
134 16 0.8251128
137 17 0.6178408
139 18 0.6437498
141 19 0.7214768
144 20 0.7732948
146 20 0.7214768
148 21 0.4364778
151 22 0.6696588
153 23 0.6437498
155 23 0.5142048
158 24 0.6437498
160 24 0.6955678
163 24 0.3069328
166 25 0.5919318
168 27 0.6696588
170 28 0.3846598
173 28 0.6696588
175 29 0.3587508
177 30 0.6696588
180 31 0.3328418
182 31 0.6178408
184 32 0.4623868
187 34 0.5142048
189 34 0.4882958
191 34 0.5919318
194 36 0.5401138
196 36 0.5401138
199 38 0.3846598
201 39 0.6437498
203 39 0.4882958
207 40 0.6696588
209 41 0.3846598
211 41 0.6437498
214 42 0.5142048
216 42 0.5660228
218 42 0.5142048
221 43 0.5919318
223 44 0.5401138
225 45 0.5401138
228 47 0.4364778
230 47 0.6437498
232 49 0.4105688
235 49 0.6178408
237 50 0.4105688
239 51 0.6696588
242 51 0.5401138
244 52 0.2551148
247 53 0.5401138
250 54 0.2810238
252 55 0.5919318
254 56 0.4105688
257 57 0.5401138
259 58 0.4623868
261 59 0.5660228
264 59 0.4882958
266 59 0.4882958
268 60 0.2810238
271 61 0.6178408
273 62 0.3587508
275 63 0.6437498
278 64 0.3328418
280 64 0.6955678
282 65 0.4623868
285 66 0.5401138
287 67 0.5142048
290 68 0.5919318
293 69 0.4623868
295 70 0.3846598
297 71 0.5142048
300 71 0.3846598
302 71 0.5660228
304 73 0.4364778
307 74 0.5401138
309 74 0.3846598
311 75 0.5919318
314 75 0.4623868
316 76 0.4105688
318 78 0.4364778
321 78 0.3069328
323 79 0.5660228
326 80 0.3846598
328 81 0.6178408
330 83 0.3587508
334 83 0.6696588
336 83 0.4882958
338 83 0.5401138
341 85 0.5142048
343 86 0.5401138
345 87 0.5401138
348 88 0.5142048
350 88 0.4105688
352 89 0.4882958
355 90 0.4882958
357 90 0.4623868
359 92 0.4623868
362 93 0.2292058
364 93 0.5660228
366 95 0.3587508
369 95 0.6437498
371 96 0.3328418
373 97 0.6696588
377 98 0.4364778
379 99 0.5660228
381 100 0.4882958
384 100 0.5660228
386 100 0.5401138
388 102 0.5401138
391 103 0.3587508
393 104 0.6437498
395 104 0.4623868
398 104 0.6437498
400 106 0.3846598
402 106 0.6696588
405 108 0.5142048
407 108 0.5919318
409 109 0.5660228
412 109 0.4623868
414 110 0.5660228
416 112 0.4105688
420 113 0.4364778
422 114 0.4364778
424 114 0.4882958
427 115 0.4623868
429 115 0.5142048
431 117 0.3846598
434 117 0.5919318
436 118 0.4364778
438 118 0.4105688
441 119 0.4623868
443 120 0.2810238
445 121 0.5919318
448 121 0.4623868
450 121 0.6178408
452 123 0.3587508
455 123 0.6437498
457 125 0.4623868
459 125 0.5401138
463 127 0.5660228
465 127 0.5919318
467 127 0.5401138
470 127 0.5919318
472 129 0.4364778
474 129 0.6437498
477 130 0.4623868
479 130 0.6437498
481 132 0.4105688
484 132 0.6696588
486 133 0.5660228
489 134 0.2292058
491 134 0.5660228
493 135 0.1773878
496 136 0.5660228
498 137 0.3846598
500 137 0.5401138
504 138 0.4105688
506 139 0.5660228
508 140 0.0737518
511 141 0.0996608
513 141 0.0737518
515 142 0.0219338
518 143 0.0737518
520 143 0.0737518
522 144 0.0737518
525 145 0.0737518
527 145 0.1773878
529 146 0.2292058
532 147 0.0737518
534 147 0.0737518
536 148 0.0478428
539 148 0.0737518
541 149 0.0996608
543 149 1.3951108
547 148 0.5919318
549 150 0.8769308
551 149 0.4364778
554 151 1.3951108
556 150 0.3587508
558 152 1.8873818
561 152 0.9805668
563 152 1.0323848
565 152 2.0169268
568 151 1.0323848
570 153 1.9651088
572 152 0.5660228
575 153 1.1360208
577 153 0.0996608
579 153 0.2551148
582 153 0.0737518
584 153 0.1773878
586 153 0.0737518
590 153 0.0737518
592 153 0.0219338
594 153 0.0737518
597 153 0.0996608
599 152 0.0737518
601 152 0.2032968
604 152 0.5660228
606 152 0.4623868
608 151 0.2551148
611 152 0.5919318
613 151 0.1255698
615 152 0.3587508
618 152 0.2032968
620 152 0.1255698
622 152 0.0737518
625 152 0.0737518
