0 152 0.3846598
13 152 0.1773878
26 152 0.3328418
39 152 0.1514788
53 152 0.0478428
67 152 0.0737518
80 152 0.0219338
94 150 0.0996608
107 150 0.0478428
120 150 0.0737518
134 150 0.0737518
147 149 0.0737518
160 148 0.0996608
174 149 0.1773878
187 147 0.0478428
200 147 0.5142048
214 147 0.1514788
227 146 0.0219338
240 144 0.2551148
253 145 0.3328418
267 145 0.0478428
280 145 0.0996608
293 145 0.0478428
307 145 0.1255698
320 144 0.0737518
333 142 0.2810238
347 142 0.0737518
360 141 0.4882958
373 142 0.1773878
387 141 0.0478428
400 141 0.0478428
413 140 0.4623868
427 140 0.0996608
440 139 0.0996608
453 138 0.0737518
466 138 0.0219338
481 137 0.0996608
494 137 0.1255698
507 137 0.0219338
521 137 0.0737518
534 137 0.0478428
547 136 -0.1594292
561 136 0.2032968
574 134 0.1255698
587 135 0.0737518
601 135 0.0737518
614 134 0.2551148
627 134 0.0737518
641 134 0.2551148
654 133 0.0996608
667 133 0.0478428
681 132 0.0737518
694 131 0.3846598
707 131 0.0478428
720 131 0.0996608
734 131 0.0478428
747 130 0.0737518
760 130 0.0737518
774 129 0.0478428
787 129 0.0219338
800 129 0.0478428
814 128 0.1255698
827 127 0.0219338
840 127 0.2810238
854 127 0.0737518
867 127 0.0737518
880 126 0.2551148
895 125 0.1773878
908 125 0.0219338
921 123 0.4882958
934 123 0.7214768
948 123 0.1514788
961 123 0.0996608
974 123 -0.0039752
988 122 0.0996608
1001 122 0.1255698
1014 122 0.1773878
1028 121 0.0219338
1041 121 0.2032968
1054 121 0.0737518
1068 121 0.0478428
1081 120 0.0219338
1094 120 0.0737518
1108 119 0.0478428
1121 119 0.0996608
1134 118 0.2810238
1147 118 0.0996608
1161 117 0.3069328
1174 116 0.0996608
1187 116 0.0737518
1201 115 0.0996608
1214 115 0.2810238
1227 115 0.0737518
1241 115 0.3587508
1254 114 0.1514788
1267 114 0.0219338
1281 113 0.1255698
1295 112 0.0737518
1308 112 0.0478428
1322 112 0.0478428
1335 111 0.0996608
1348 111 0.0219338
1361 110 0.0737518
1375 110 0.0996608
1388 110 0.0478428
1401 110 0.0478428
1415 110 0.0996608
1428 109 0.0996608
1441 108 0.2810238
1455 106 0.2292058
1468 107 0.0737518
1481 107 0.1514788
1495 106 0.0737518
1508 106 0.0737518
1521 106 -0.0039752
1535 105 0.5142048
1548 104 0.0996608
1561 104 0.2292058
1574 104 0.0737518
1588 104 0.0478428
1601 104 0.0219338
1614 103 0.3328418
1628 102 0.0737518
1641 102 0.1514788
1654 101 0.2292058
1668 101 0.0219338
1681 101 0.3587508
1694 100 0.0478428
1709 100 0.0478428
1722 100 0.0737518
1735 100 0.0478428
1749 99 0.0478428
1762 97 0.2551148
1775 98 0.0996608
1788 97 0.0478428
1802 95 0.5142048
1815 95 0.5660228
1828 96 0.0737518
1842 96 0.0996608
1855 95 0.0996608
1868 95 0.0737518
1882 95 0.0996608
1895 93 0.2292058
1908 93 0.0737518
1922 93 0.0737518
1935 93 0.0219338
1948 93 0.1255698
1962 92 0.0996608
1975 91 0.0996608
1988 91 0.0219338
2001 90 0.1514788
2015 90 0.0996608
2028 90 0.0996608
2041 90 0.0996608
2055 90 0.0737518
2068 89 0.0737518
2081 89 0.1255698
2095 88 0.0996608
2108 87 0.0219338
2121 86 0.3069328
2136 86 0.2551148
2149 86 0.0478428
2162 85 0.0996608
2176 85 0.3846598
2189 85 0.0478428
2202 84 0.2292058
2215 84 0.2032968
2229 84 0.0478428
2242 84 0.0737518
2255 84 0.0478428
2269 83 0.0737518
2282 82 0.7732948
2295 82 0.0478428
2309 80 0.0737518
2322 80 0.6437498
2335 79 0.1514788
2349 79 0.2551148
2362 78 0.0996608
2375 79 0.0478428
2389 79 0.0737518
2402 78 0.0737518
2415 78 0.0996608
2428 75 0.6178408
2442 75 1.0064758
2455 75 0.0478428
2468 76 0.0737518
2482 75 0.0996608
2495 75 0.0737518
2508 75 0.0478428
2522 74 0.1514788
2536 74 0.0478428
2549 74 0.0737518
2563 74 0.0996608
2576 73 0.0737518
2589 72 0.0219338
2603 71 0.3328418
2616 71 0.0996608
2629 71 0.0996608
2642 71 0.1514788
2656 71 0.0219338
2669 70 0.0737518
2682 69 0.3328418
2696 69 0.2810238
2709 68 0.0737518
2722 68 0.3328418
2736 68 0.0478428
2749 68 0.0478428
2762 67 0.0737518
2776 66 0.2032968
2789 66 0.0478428
2802 65 0.3069328
2816 65 0.1514788
2829 65 0.0478428
2842 65 0.1255698
2855 65 0.0737518
2869 64 0.0996608
2882 63 0.0996608
2895 63 0.1773878
2909 61 0.0737518
2922 60 0.4623868
2935 60 0.3328418
2950 60 0.0996608
2963 60 0.0737518
2976 60 0.0478428
2990 60 0.0737518
3003 60 0.0478428
3016 59 0.0737518
3030 59 0.0478428
3043 59 0.1773878
3056 57 0.9805668
3069 56 0.1773878
3083 56 0.0996608
3096 56 0.0996608
3109 56 0.0478428
3123 56 0.0737518
3136 55 0.1514788
3149 55 0.0478428
3163 54 0.4105688
3176 53 0.4364778
3189 53 0.0478428
3203 52 0.0737518
3216 52 0.3069328
3229 52 0.0737518
3243 52 0.0737518
3256 51 0.2032968
3269 51 0.0478428
3282 51 0.2551148
3296 50 0.0737518
3309 50 0.0737518
3322 49 0.0737518
3336 49 0.3587508
3349 48 0.2032968
3363 47 0.0737518
3377 47 0.1255698
3390 47 0.0737518
3403 47 0.0996608
3417 46 0.0737518
3430 46 0.0737518
3443 46 0.0737518
3457 44 0.2032968
3470 44 0.0478428
3483 44 0.2810238
3497 44 0.0737518
3510 44 0.0737518
3523 42 0.0996608
3536 43 0.0478428
3550 43 0.0737518
3563 43 0.0478428
3576 42 0.0737518
3590 42 0.0737518
3603 41 0.4105688
3616 40 0.0737518
3630 40 0.0478428
3643 39 0.0737518
3656 38 0.6955678
3670 38 0.0219338
3683 38 0.0996608
3696 38 0.1255698
3709 37 0.0737518
3723 37 0.1255698
3736 36 0.0737518
3749 36 0.0737518
3763 35 0.0996608
3777 34 0.1773878
3790 34 0.0219338
3804 34 0.0478428
3817 34 0.0478428
3830 34 0.0737518
3844 32 0.1255698
3857 32 0.4364778
3870 32 0.0478428
3884 31 0.1773878
3897 31 0.1255698
3910 30 0.0478428
3924 30 0.3069328
3937 29 0.2032968
3950 29 0.0478428
3963 29 0.0737518
3977 29 0.0737518
3990 28 0.0219338
4003 28 0.0996608
4017 27 0.2292058
4030 27 0.0737518
4043 26 0.5919318
4057 26 0.0996608
4070 26 0.0737518
4083 25 0.0737518
4097 25 0.1514788
4110 25 0.0737518
4123 25 0.0996608
4137 25 0.1773878
4150 23 0.0996608
4163 23 0.2032968
4176 23 0.0478428
4191 22 0.5919318
4204 21 0.5401138
4217 21 0.0478428
4231 21 0.0478428
4244 20 0.0478428
4257 20 0.1255698
4271 20 0.1514788
4284 19 0.0478428
4297 18 0.6696588
4311 18 0.0478428
4324 17 0.4623868
4337 17 0.1255698
4351 17 0.0219338
4364 17 0.0737518
4377 16 0.0996608
4390 16 0.0478428
4404 16 0.0737518
4417 15 0.0737518
4430 15 0.0478428
4444 14 0.1773878
4457 13 0.4364778
4470 13 0.0478428
4484 13 0.0478428
4497 13 0.0737518
4510 13 0.0996608
4524 13 0.0478428
4537 12 0.1255698
4550 12 0.0737518
4564 10 0.2810238
4577 9 0.9287488
4590 9 0.0737518
4604 9 0.1514788
4618 8 0.1255698
4631 8 0.0737518
4644 8 0.2032968
4658 8 0.0737518
4671 7 0.0478428
4684 7 0.1514788
4698 6 0.1514788
4711 6 0.0737518
4724 6 0.0996608
4738 5 0.0478428
4751 5 0.0996608
4764 5 0.0737518
4778 4 0.2810238
4791 3 0.0737518
4804 2 0.9028398
4817 2 0.1255698
4831 2 0.0478428
4844 1 0.1773878
4857 1 0.0737518
4871 1 0.0219338
4884 0 0.0737518
4897 0 -0.0039752
4911 0 0.0478428
