0 -1 0.2551148
3 -2 0.1514788
5 -1 0.4105688
8 -1 0.1514788
11 -4 2.6387428
13 -4 2.7682878
15 -4 2.2501078
18 -4 2.6646518
20 -4 2.6905608
22 -3 2.5351068
25 -2 1.9132908
27 -3 2.5869248
29 -3 2.5610158
32 -2 2.4055618
34 -2 2.2760168
36 -2 2.2760168
39 -2 2.1982898
41 -2 2.1982898
43 -2 2.2760168
46 -2 2.3019258
48 -2 2.3796528
51 -1 2.4573798
54 -1 2.4314708
56 0 1.4210198
58 0 1.6023828
61 0 1.8873818
63 0 1.9391998
65 0 2.1464718
68 0 2.2760168
70 0 2.5351068
72 0 1.6542008
75 1 1.9132908
77 1 2.2760168
79 2 1.6023828
82 2 1.9910178
84 3 1.5246558
86 3 2.0946538
89 4 1.7319278
91 4 1.4728378
94 4 1.2655658
97 5 1.1360208
99 5 1.1619298
102 6 1.1360208
104 6 1.2137478
106 7 1.3173838
109 7 1.4210198
111 7 1.6023828
113 8 1.0842028
116 8 1.2396568
118 8 1.3692018
120 9 1.6542008
123 10 1.0842028
125 11 1.2914748
127 11 1.3692018
130 11 1.4728378
132 12 1.4728378
134 12 1.6542008
138 12 1.1878388
140 13 1.1101118
142 13 1.1878388
145 14 1.3173838
147 14 1.4210198
149 14 1.4469288
152 15 0.9546578
154 16 1.1360208
156 16 1.2396568
159 17 1.4210198
161 18 1.0323848
163 18 1.2396568
166 19 1.4987468
168 20 1.0842028
170 20 1.2655658
173 20 0.9546578
175 21 1.1360208
177 21 1.2137478
181 22 1.1101118
183 23 0.8510218
185 23 1.1360208
188 24 0.8769308
190 23 1.1360208
192 24 1.0323848
195 24 1.2655658
197 25 1.0323848
199 26 0.8769308
202 27 1.1878388
204 27 1.0064758
206 27 1.2396568
209 28 1.0842028
211 29 1.3692018
213 30 1.0842028
216 30 0.9028398
218 31 1.1619298
221 31 0.7992038
224 32 1.1360208
226 33 0.9546578
228 33 1.1878388
231 34 0.9805668
233 34 0.8251128
236 35 1.1101118
238 36 0.9546578
240 36 1.1619298
243 38 1.0323848
245 38 0.8251128
247 39 1.1360208
250 39 1.0064758
252 40 0.7992038
254 40 1.1101118
257 41 1.0323848
259 41 0.8251128
261 41 1.1619298
265 42 1.0582938
267 42 0.9287488
269 43 0.7992038
272 43 1.1360208
274 44 1.0323848
276 45 0.9287488
279 46 0.7214768
281 46 1.1101118
283 47 1.0064758
286 48 0.8510218
288 49 1.1360208
290 49 0.9805668
293 50 0.7992038
295 50 1.1360208
297 51 0.9805668
300 51 0.8251128
302 52 1.1360208
304 53 1.0064758
308 53 0.8510218
310 54 1.1360208
312 55 1.0323848
315 55 0.8251128
317 56 1.1878388
319 57 1.0323848
322 57 0.6955678
324 58 1.1101118
326 59 0.9805668
329 59 0.7473858
331 59 1.0582938
333 60 1.0064758
336 61 0.7992038
338 61 1.0842028
340 62 1.0323848
343 63 0.7732948
345 63 1.0582938
347 64 1.0842028
351 64 0.9546578
353 65 0.7732948
355 66 1.0842028
358 66 1.0064758
360 67 0.8251128
362 67 1.1619298
365 68 1.0323848
367 69 0.9287488
369 70 0.8769308
372 70 0.7732948
374 71 1.0582938
376 71 1.0064758
379 72 0.9028398
381 73 0.7473858
383 73 1.0842028
386 74 0.9546578
388 74 0.7992038
392 74 1.0842028
394 75 0.9546578
396 76 0.8769308
399 77 1.1360208
401 78 1.0582938
403 78 0.8769308
406 79 1.1878388
408 80 1.0323848
410 81 0.8769308
413 81 1.2396568
415 82 1.0323848
417 82 0.9028398
420 83 1.2137478
422 83 1.0582938
424 83 0.9287488
427 84 0.8510218
429 85 1.0582938
431 86 0.9805668
435 87 0.7992038
437 87 1.1360208
439 88 1.0842028
442 88 0.9287488
444 89 0.7732948
446 89 1.1101118
449 90 1.0582938
451 91 0.9287488
453 92 0.7992038
456 92 1.0842028
458 93 0.9805668
460 93 0.7732948
463 94 1.0582938
465 95 0.9546578
467 95 0.7992038
470 96 1.1619298
472 97 1.0323848
474 98 0.8510218
478 98 1.1878388
480 99 1.0064758
482 100 0.8251128
485 100 1.1360208
487 100 0.8769308
489 101 1.1878388
492 102 1.0842028
494 103 0.8510218
496 103 1.1360208
499 104 0.9287488
501 103 0.7992038
503 104 1.1101118
506 106 1.0064758
508 106 0.7473858
510 107 1.1619298
513 107 1.0064758
515 108 0.8769308
517 108 0.7732948
521 109 1.1360208
523 110 1.0064758
525 111 0.8251128
528 111 1.1619298
530 112 1.0323848
533 113 0.8769308
535 113 0.7992038
537 114 1.0842028
540 115 1.0323848
542 115 0.9028398
544 115 0.8251128
547 116 1.0842028
549 117 0.9805668
551 117 0.7473858
554 118 1.1101118
556 118 0.9805668
558 119 0.8251128
561 119 1.1360208
564 120 1.0582938
566 120 0.8769308
569 121 1.1619298
571 121 1.0323848
573 121 0.9287488
576 122 1.2137478
578 123 1.0842028
580 124 0.9028398
583 124 1.1101118
585 125 1.0323848
587 126 0.9028398
590 126 1.1878388
592 126 1.0323848
594 126 0.8510218
597 127 1.1878388
599 128 0.8510218
601 128 1.1619298
605 129 1.0323848
607 129 0.7992038
609 130 1.0842028
612 130 0.9546578
614 130 0.9805668
616 131 1.0582938
619 132 0.9546578
621 132 1.2396568
623 133 1.0582938
626 134 0.8251128
628 134 1.1101118
630 134 0.8769308
633 135 1.1878388
635 136 1.0323848
637 136 0.6696588
640 137 1.1101118
642 138 0.9546578
644 138 0.7992038
648 139 1.0064758
650 139 0.9028398
652 140 0.3846598
655 141 0.4105688
657 141 0.4105688
659 142 0.4364778
662 142 0.5919318
664 142 0.7473858
666 143 0.7214768
669 144 0.6178408
671 144 0.5660228
673 145 0.0737518
676 145 0.0996608
678 146 0.0737518
680 146 0.0996608
683 146 0.0737518
685 147 0.2032968
687 147 0.0478428
691 148 0.0737518
693 148 0.0737518
696 149 0.1773878
698 149 0.0996608
700 149 0.1514788
703 150 0.0737518
705 150 0.1255698
707 150 0.0737518
710 150 0.1514788
712 150 0.0996608
714 151 0.2032968
717 151 0.0737518
719 151 0.0737518
721 151 0.1255698
724 152 0.3846598
726 151 0.1255698
728 152 0.4623868
731 151 0.1255698
734 152 0.0737518
736 152 0.0478428
739 152 0.1514788
741 152 0.0478428
743 152 0.0737518
746 152 0.0737518
748 152 0.0478428
750 152 0.0737518
