0 153 0.0219338
8 152 0.0737518
16 152 0.0478428
24 153 -0.0039752
32 153 0.0737518
41 153 0.0737518
50 153 0.0478428
58 153 0.6437498
66 152 0.1514788
74 152 0.0996608
83 152 0.2810238
91 151 0.0737518
99 150 0.2032968
108 150 0.0737518
116 149 0.1255698
125 149 0.1514788
133 149 0.0737518
141 148 0.0737518
149 148 0.0219338
157 148 0.3846598
166 148 0.1255698
175 147 0.0996608
183 146 0.0478428
191 145 0.0996608
199 145 0.0737518
207 145 0.0478428
217 145 0.0219338
225 144 0.0478428
233 144 0.0478428
241 143 0.0996608
249 143 0.0478428
258 142 0.1773878
266 142 0.0996608
275 141 0.1514788
283 141 0.0737518
291 140 0.0737518
300 140 0.0737518
308 139 0.0478428
316 139 0.0996608
325 138 0.0737518
333 138 0.0737518
342 138 0.0737518
350 137 0.0737518
358 137 0.1255698
366 136 0.0996608
374 136 0.0996608
384 136 0.0478428
392 136 0.0737518
400 136 0.1255698
408 135 0.0996608
416 135 0.5660228
425 134 0.1255698
433 134 0.0737518
442 134 0.0737518
450 133 0.0996608
458 132 0.1255698
467 130 0.1514788
475 130 0.4364778
483 131 0.0478428
492 131 0.0478428
500 130 0.0737518
509 131 0.2292058
517 130 0.4364778
525 130 0.2551148
533 129 0.0737518
541 128 0.0737518
550 127 0.0478428
559 127 0.1255698
567 127 0.0478428
575 125 0.1514788
583 125 0.2810238
591 125 0.0737518
600 125 0.0737518
609 124 0.0737518
617 123 0.2032968
625 123 0.2032968
633 122 0.0996608
642 122 0.2032968
650 122 0.0737518
659 122 0.1773878
667 122 0.1514788
675 122 0.5401138
684 121 0.1773878
692 121 0.1773878
700 121 0.1514788
708 121 0.0737518
717 120 0.5142048
726 119 0.0478428
734 118 0.1255698
742 118 0.4105688
750 118 0.0737518
758 117 0.0737518
767 117 0.0737518
776 117 0.0737518
784 116 0.1255698
792 116 0.0996608
800 115 0.3587508
809 115 0.0219338
817 114 0.0737518
826 114 0.1773878
834 113 0.0737518
842 113 0.1255698
851 112 0.0478428
859 112 0.2032968
867 112 0.0737518
875 112 0.0478428
884 111 0.0478428
893 110 0.0737518
901 110 0.2032968
909 110 0.0478428
917 109 0.0996608
925 108 0.1255698
933 107 0.1773878
943 107 0.0996608
951 107 0.0996608
959 107 0.1773878
967 106 0.0996608
975 106 0.1773878
984 107 0.0996608
993 106 0.0737518
1001 106 0.5142048
1009 105 0.0478428
1017 104 0.3587508
1026 104 0.0478428
1034 104 0.2810238
1042 103 0.1514788
1051 102 0.0737518
1059 102 0.2810238
1068 102 0.0737518
1076 101 0.0737518
1084 100 0.0996608
1092 100 0.0996608
1100 100 0.1773878
1110 100 0.0219338
1118 99 0.4364778
1126 99 0.0737518
1134 98 0.0478428
1142 98 0.0737518
1151 98 0.0737518
1159 97 0.3069328
1168 95 0.9287488
1176 95 0.0737518
1184 95 0.0737518
1193 95 0.0996608
1201 95 0.0737518
1209 95 0.0737518
1218 94 0.2551148
1226 94 0.1255698
1235 93 0.0478428
1243 93 0.0737518
1251 92 0.3846598
1259 91 0.1255698
1267 89 0.4364778
1277 90 0.0737518
1285 90 0.0996608
1293 90 0.1773878
1301 91 0.3587508
1309 91 0.5919318
1317 90 0.2032968
1326 89 0.0478428
1335 89 0.0737518
1343 88 0.0737518
1351 87 0.0996608
1359 87 0.0996608
1368 86 0.1514788
1376 85 0.1255698
1385 84 0.2551148
1393 85 0.1514788
1401 85 0.1255698
1410 85 0.4623868
1418 85 0.1773878
1426 84 0.3846598
1434 84 0.2810238
1443 83 0.0478428
1452 82 0.2292058
1460 82 0.0996608
1468 82 0.0478428
1476 81 0.0737518
1484 80 0.1514788
1493 80 0.0996608
1502 80 0.2810238
1510 80 0.0478428
1518 80 0.1514788
1526 79 0.0478428
1535 78 0.0737518
1543 77 0.1514788
1552 75 0.1514788
1560 76 0.0737518
1568 75 0.0996608
1577 76 0.0996608
1585 76 0.0478428
1593 76 0.3328418
1601 76 0.2032968
1610 75 0.1514788
1619 75 0.4882958
1627 74 0.1514788
1635 74 0.0737518
1643 74 0.0996608
1651 72 0.0996608
1659 71 0.1514788
1669 71 0.1514788
1677 70 0.0996608
1685 70 0.0737518
1693 70 0.0737518
1701 70 0.1514788
1710 70 0.0737518
1719 69 0.4882958
1727 69 0.0737518
1735 68 0.0737518
1743 67 0.0996608
1752 66 0.1773878
1760 65 0.1514788
1768 65 0.3587508
1777 65 0.1255698
1785 65 0.1255698
1794 66 0.3069328
1802 66 0.4623868
1810 65 0.1514788
1818 64 0.7214768
1826 64 0.0737518
1836 64 0.0478428
1844 63 0.0478428
1852 62 0.6696588
1860 60 0.2292058
1868 60 0.6437498
1877 60 0.0996608
1886 60 0.0996608
1894 60 0.0996608
1902 60 0.3069328
1910 60 0.1255698
1919 59 0.2292058
1927 59 0.0737518
1935 59 0.0219338
1944 58 0.0737518
1952 56 0.3587508
1961 56 -0.0039752
1969 55 0.0996608
1977 55 0.0737518
1985 55 0.0737518
1993 55 0.0737518
2003 55 0.4105688
2011 55 0.0996608
2019 53 0.2032968
2027 53 0.1255698
2035 52 0.0478428
2043 51 0.2810238
2052 51 0.1514788
2061 51 0.0478428
2069 51 0.0478428
2077 51 0.3587508
2085 51 0.2810238
2094 51 0.5401138
2102 51 0.0737518
2111 50 0.0996608
2119 49 0.2032968
2127 46 0.6696588
2136 47 0.0996608
2144 46 0.2032968
2152 46 0.0737518
2160 46 0.0478428
2169 46 0.0996608
2178 46 0.0737518
2186 46 0.0737518
2194 46 0.2292058
2202 45 0.2032968
2210 45 0.0737518
2219 44 0.1514788
2228 44 0.0737518
2236 42 0.2810238
2244 42 0.1255698
2252 42 0.0737518
2261 42 0.3587508
2269 42 0.1255698
2278 42 0.0478428
2286 42 0.1773878
2294 41 0.0478428
2303 40 0.2810238
2311 40 0.1255698
2319 39 0.1514788
2327 38 0.5401138
2336 36 0.6696588
2345 37 0.0478428
2353 37 0.0478428
2361 37 0.4364778
2369 37 0.3587508
2377 36 0.2551148
2385 36 0.0737518
2395 35 0.2292058
2403 34 0.0996608
2411 34 0.2810238
2419 34 0.0996608
2427 33 0.0737518
2436 33 0.0478428
2445 33 0.2032968
2453 33 0.3328418
2461 32 0.4105688
2469 31 0.0478428
2478 31 0.2551148
2486 29 0.1773878
2494 28 1.1878388
2503 28 0.0737518
2511 28 0.0737518
2520 28 0.1773878
2528 28 0.1773878
2536 29 0.0737518
2544 28 0.5919318
2552 28 0.0737518
2562 27 0.3846598
2570 26 0.1255698
2578 25 0.1514788
2586 25 0.0737518
2594 25 0.0996608
2603 25 0.0737518
2612 24 0.0737518
2620 23 0.0737518
2628 24 0.1255698
2636 23 0.1255698
2645 23 0.1514788
2653 23 0.1255698
2661 22 0.0996608
2670 20 0.2032968
2678 20 0.1773878
2687 20 0.0478428
2695 20 0.0737518
2703 20 0.0478428
2711 20 0.1255698
2719 19 0.2292058
2729 18 0.1514788
2737 17 0.2292058
2745 17 0.4623868
2753 15 0.2551148
2761 16 0.0737518
2769 16 0.0478428
2779 16 0.1514788
2787 15 0.0737518
2795 16 0.3328418
2803 15 0.2032968
2811 15 0.0737518
2820 14 0.0996608
2828 13 0.2032968
2837 12 0.1255698
2845 12 0.0996608
2853 12 0.2551148
2862 12 0.2032968
2870 12 0.0478428
2878 12 0.2032968
2886 11 0.0996608
2895 10 0.0478428
2904 9 0.2032968
2912 9 0.2810238
2920 8 0.1514788
2928 8 0.0737518
2936 8 0.0478428
2945 8 0.3587508
2954 8 0.0737518
2962 8 0.5660228
2970 7 0.0737518
2978 6 0.0996608
2987 5 0.0478428
2995 5 0.0478428
3004 4 0.1255698
3012 4 0.2032968
3020 3 0.2032968
3029 2 0.7732948
3037 2 0.2292058
3045 2 0.1773878
3053 2 0.0996608
3062 2 0.3328418
3071 2 0.2292058
3079 1 0.2551148
3087 1 0.0737518
3095 0 0.1255698
3103 0 0.1255698
